Time-Day of Year 	 Electron flux 	 Proton flux 	 (Flux in the units of counts/sq cm.sec.sr) 
200.0035 	 6.3941 	 0.7621 
200.0069 	 6.7899 	 0.9533 
200.0104 	 6.2454 	 0.7993 
200.0139 	 6.6732 	 0.9339 
200.0174 	 6.2082 	 0.8922 
200.0208 	 6.5370 	 1.1284 
200.0243 	 5.7063 	 1.2639 
200.0278 	 5.8171 	 0.7977 
200.0313 	 6.1296 	 0.8889 
200.0347 	 6.3230 	 0.9144 
200.0382 	 5.4815 	 0.7407 
200.0417 	 5.8171 	 1.0700 
200.0451 	 5.7963 	 0.9259 
200.0486 	 5.7588 	 0.9533 
200.0521 	 5.5556 	 0.7407 
200.0556 	 5.8398 	 0.7227 
200.0590 	 5.8519 	 0.7222 
200.0625 	 5.9020 	 0.7647 
200.0660 	 6.1624 	 0.9410 
200.0694 	 6.3137 	 1.0588 
200.0729 	 5.9594 	 0.9225 
200.0764 	 5.2745 	 0.9412 
200.0799 	 5.9041 	 0.6273 
200.0833 	 6.0588 	 0.7843 
200.0868 	 5.5147 	 0.8640 
200.0903 	 5.5098 	 0.7647 
200.0938 	 6.1949 	 0.7353 
200.0972 	 6.7059 	 0.8235 
200.1007 	 6.3051 	 0.8456 
200.1042 	 5.9020 	 1.0980 
200.1076 	 6.8750 	 0.7904 
200.1111 	 6.1765 	 0.7451 
200.1146 	 6.5625 	 0.8640 
200.1181 	 7.4213 	 0.9252 
200.1215 	 7.5368 	 1.0846 
200.1250 	 7.5787 	 1.0039 
200.1285 	 7.5184 	 0.9007 
200.1319 	 7.0079 	 1.0236 
200.1354 	 6.4706 	 0.9743 
200.1389 	 6.7126 	 0.7874 
200.1424 	 7.1978 	 0.9524 
200.1458 	 7.3228 	 0.8661 
200.1493 	 6.8132 	 0.8425 
200.1528 	 7.4606 	 0.9252 
200.1563 	 7.1429 	 0.9158 
200.1597 	 8.1102 	 0.8268 
200.1632 	 7.0330 	 1.1538 
200.1667 	 7.7756 	 0.6890 
200.1701 	 6.8864 	 1.2271 
200.1736 	 8.1225 	 0.9486 
200.1771 	 7.2161 	 0.9707 
200.1806 	 6.8254 	 1.2897 
200.1840 	 7.4635 	 1.1679 
200.1875 	 7.4603 	 0.8333 
200.1910 	 6.9891 	 0.7847 
200.1944 	 7.5595 	 0.9722 
200.1979 	 7.0803 	 0.7847 
200.2014 	 7.1032 	 1.0317 
200.2049 	 7.4364 	 0.6909 
200.2083 	 7.8968 	 1.1310 
200.2118 	 7.1091 	 0.9455 
200.2153 	 8.4325 	 1.0516 
200.2188 	 8.1818 	 1.1091 
200.2222 	 8.5516 	 1.0714 
200.2257 	 8.3273 	 0.8909 
200.2292 	 8.8247 	 1.1155 
200.2326 	 7.6909 	 1.0000 
200.2361 	 9.0637 	 1.0558 
200.2396 	 8.4000 	 0.7091 
200.2431 	 7.8884 	 0.8566 
200.2465 	 8.3273 	 1.0182 
200.2500 	 7.5498 	 0.7968 
200.2535 	 7.2727 	 0.9455 
200.2569 	 8.2470 	 0.9761 
200.2604 	 8.5507 	 0.8877 
200.2639 	 8.6653 	 1.0757 
200.2674 	 8.1522 	 0.8696 
200.2708 	 8.2271 	 1.1155 
200.2743 	 7.6449 	 1.1413 
200.2778 	 7.7888 	 0.8566 
200.2813 	 7.3732 	 0.9601 
200.2847 	 7.8800 	 1.0000 
200.2882 	 7.5362 	 0.9601 
200.2917 	 7.4000 	 0.9400 
200.2951 	 7.6449 	 0.8333 
200.2986 	 7.1800 	 0.7600 
200.3021 	 6.7029 	 0.6703 
200.3056 	 7.2892 	 0.9237 
200.3090 	 6.5162 	 0.8664 
200.3125 	 6.8273 	 0.8835 
200.3160 	 7.3741 	 0.7194 
200.3194 	 7.4498 	 0.8635 
200.3229 	 7.7158 	 0.8094 
200.3264 	 6.8876 	 1.0442 
200.3299 	 8.3453 	 0.9173 
200.3333 	 8.0924 	 0.8434 
200.3368 	 8.9748 	 0.9353 
200.3403 	 7.8629 	 0.9879 
200.3438 	 8.7950 	 0.8813 
200.3472 	 7.4395 	 0.7661 
200.3507 	 7.7878 	 0.8453 
200.3542 	 7.8629 	 0.9879 
200.3576 	 8.1655 	 1.2050 
200.3611 	 7.7016 	 0.8871 
200.3646 	 7.3561 	 0.9532 
200.3681 	 7.4194 	 0.9073 
200.3715 	 8.0824 	 0.6093 
200.3750 	 8.0847 	 0.9073 
200.3785 	 8.6918 	 0.9319 
200.3819 	 8.5081 	 1.2097 
200.3854 	 8.6918 	 0.9498 
200.3889 	 7.5000 	 0.9879 
200.3924 	 8.2975 	 0.9140 
200.3958 	 7.6923 	 1.0729 
200.3993 	 7.2581 	 0.8781 
200.4028 	 7.0850 	 0.9514 
200.4063 	 6.8817 	 0.8602 
200.4097 	 6.4575 	 0.9717 
200.4132 	 5.5914 	 0.7168 
200.4167 	 7.2470 	 0.6478 
200.4201 	 6.8638 	 0.8423 
200.4236 	 7.1053 	 0.7287 
200.4271 	 7.3393 	 0.8571 
200.4306 	 7.1748 	 0.9553 
200.4340 	 6.6014 	 0.8897 
200.4375 	 7.8252 	 1.2398 
200.4410 	 7.5089 	 0.7829 
200.4444 	 7.0122 	 0.9959 
200.4479 	 7.0463 	 0.9609 
200.4514 	 6.8776 	 0.8367 
200.4549 	 7.0641 	 1.0320 
200.4583 	 7.7551 	 0.8571 
200.4618 	 7.0463 	 0.7473 
200.4653 	 6.9388 	 0.8776 
200.4688 	 6.6904 	 0.8719 
200.4722 	 7.2857 	 0.7347 
200.4757 	 6.4591 	 0.7295 
200.4792 	 6.6939 	 1.2041 
200.4826 	 5.6560 	 0.7270 
200.4861 	 6.3878 	 1.1020 
200.4896 	 6.8262 	 1.1525 
200.4931 	 8.2653 	 1.0408 
200.4965 	 7.9078 	 1.0461 
200.5000 	 7.8163 	 0.8980 
200.5035 	 7.6773 	 0.6915 
200.5069 	 8.1148 	 0.8402 
200.5104 	 8.4043 	 1.2234 
200.5139 	 8.3811 	 0.8197 
200.5174 	 7.7305 	 0.9220 
200.5208 	 7.2336 	 0.7787 
200.5243 	 7.9965 	 0.8333 
200.5278 	 7.8689 	 0.9631 
200.5313 	 8.3333 	 0.8865 
200.5347 	 9.0779 	 0.8402 
200.5382 	 9.6113 	 0.7774 
200.5417 	 8.9549 	 0.8402 
200.5451 	 9.3640 	 1.0071 
200.5486 	 9.7951 	 0.8402 
200.5521 	 8.0565 	 0.9717 
200.5556 	 8.9300 	 0.9465 
200.5590 	 7.7289 	 0.6690 
200.5625 	 8.9300 	 0.9877 
200.5660 	 8.6268 	 0.7042 
200.5694 	 7.5826 	 0.7438 
200.5729 	 8.0282 	 0.7218 
200.5764 	 7.6446 	 0.8678 
200.5799 	 8.3979 	 0.8627 
200.5833 	 8.2851 	 0.9091 
200.5868 	 7.0951 	 1.1268 
200.5903 	 7.3760 	 1.0331 
200.5938 	 7.0000 	 0.7018 
200.5972 	 6.5702 	 0.9711 
200.6007 	 6.6316 	 0.7895 
200.6042 	 7.8306 	 0.8058 
200.6076 	 6.3860 	 1.0175 
200.6111 	 6.4876 	 1.0124 
200.6146 	 6.2982 	 0.8596 
200.6181 	 6.2190 	 0.9917 
200.6215 	 6.2807 	 0.8772 
200.6250 	 5.9959 	 0.9751 
200.6285 	 5.8947 	 0.9649 
200.6319 	 6.6183 	 0.6639 
200.6354 	 6.9649 	 0.8246 
200.6389 	 6.3693 	 0.6224 
200.6424 	 6.1404 	 0.8246 
200.6458 	 6.2241 	 1.0996 
200.6493 	 6.0140 	 0.8042 
200.6528 	 6.2448 	 0.9336 
200.6563 	 5.7168 	 1.0839 
200.6597 	 5.1660 	 0.8714 
200.6632 	 5.6119 	 0.8916 
200.6667 	 5.9129 	 0.9544 
200.6701 	 5.6818 	 0.7168 
200.6736 	 5.3333 	 1.1458 
200.6771 	 5.5575 	 1.0279 
200.6806 	 5.7950 	 0.8577 
200.6840 	 5.7840 	 0.7491 
200.6875 	 6.1297 	 0.7322 
200.6910 	 5.8711 	 0.8188 
200.6944 	 5.5858 	 0.6904 
200.6979 	 5.3136 	 0.8885 
200.7014 	 6.2971 	 0.8996 
200.7049 	 5.6944 	 0.6944 
200.7083 	 5.0418 	 0.7741 
200.7118 	 5.1389 	 0.8507 
200.7153 	 5.5021 	 0.7322 
200.7188 	 5.3472 	 0.7118 
200.7222 	 5.1464 	 0.7950 
200.7257 	 5.1563 	 0.9549 
200.7292 	 5.8368 	 0.9623 
200.7326 	 5.5035 	 0.8854 
200.7361 	 5.0630 	 0.8193 
200.7396 	 5.2083 	 0.7639 
200.7431 	 5.2941 	 0.9874 
200.7465 	 4.4792 	 0.8681 
200.7500 	 4.7269 	 0.6092 
200.7535 	 5.1910 	 0.7986 
200.7569 	 5.3361 	 0.7773 
200.7604 	 5.0692 	 0.9689 
200.7639 	 5.6092 	 0.7353 
200.7674 	 5.3114 	 0.8824 
200.7708 	 5.1050 	 1.0924 
200.7743 	 5.2249 	 0.7439 
200.7778 	 5.4412 	 0.7983 
200.7813 	 5.5709 	 0.9170 
200.7847 	 5.5672 	 0.8613 
200.7882 	 5.3806 	 0.9862 
200.7917 	 6.3080 	 0.7806 
200.7951 	 5.3633 	 0.8304 
200.7986 	 4.8517 	 0.5932 
200.8021 	 5.3103 	 1.0000 
200.8056 	 5.1695 	 0.6780 
200.8090 	 5.3793 	 1.0345 
200.8125 	 5.3390 	 0.8686 
200.8160 	 5.5498 	 0.9622 
200.8194 	 5.4873 	 0.8051 
200.8229 	 6.0481 	 0.8076 
200.8264 	 5.4873 	 0.8051 
200.8299 	 5.2405 	 0.8763 
200.8333 	 5.7627 	 0.7839 
200.8368 	 5.3265 	 0.7045 
200.8403 	 4.9364 	 0.8898 
200.8438 	 5.0687 	 0.8935 
200.8472 	 4.8936 	 0.7234 
200.8507 	 5.1031 	 0.7560 
200.8542 	 4.6596 	 0.6383 
200.8576 	 5.0172 	 0.8076 
200.8611 	 4.8298 	 0.9149 
200.8646 	 5.2921 	 0.8247 
200.8681 	 5.7234 	 0.9787 
200.8715 	 6.3699 	 1.1815 
200.8750 	 6.4255 	 0.9149 
200.8785 	 5.9247 	 1.1644 
200.8819 	 6.8511 	 1.1064 
200.8854 	 6.9863 	 0.9589 
200.8889 	 6.8511 	 1.0213 
200.8924 	 6.9007 	 0.8904 
200.8958 	 6.9574 	 0.8936 
200.8993 	 6.9007 	 0.8733 
200.9028 	 6.5171 	 0.8974 
200.9063 	 6.6952 	 1.1644 
200.9097 	 7.1795 	 1.3248 
200.9132 	 7.1062 	 0.8562 
200.9167 	 7.6496 	 1.1966 
200.9201 	 6.5753 	 0.9760 
200.9236 	 7.2747 	 0.7511 
200.9271 	 7.1672 	 0.9556 
200.9306 	 6.8376 	 0.8974 
200.9340 	 5.6143 	 0.9386 
200.9375 	 6.4103 	 0.8120 
200.9410 	 7.1672 	 0.8191 
200.9444 	 6.8803 	 0.9829 
200.9479 	 6.8430 	 0.9727 
200.9514 	 6.8590 	 1.2393 
200.9549 	 6.9625 	 0.7509 
200.9583 	 7.3391 	 0.8369 
200.9618 	 6.9795 	 0.6997 
200.9653 	 7.2747 	 0.8798 
200.9688 	 7.0990 	 1.0239 
200.9722 	 7.3391 	 0.9871 
200.9757 	 7.7816 	 0.9215 
200.9792 	 7.4034 	 0.8584 
200.9826 	 7.0137 	 0.8532 
200.9861 	 5.5556 	 1.2607 
200.9896 	 6.3823 	 0.7338 
200.9931 	 5.5342 	 0.9615 
200.9965 	 5.6826 	 0.8020 
201.0000 	 5.0429 	 0.6438 
