Time-Day of Year 	 Electron flux 	 Proton flux 	 (Flux in the units of counts/sq cm.sec.sr) 
218.0035 	 716.9625 	 1.4846 
218.0069 	 840.7296 	 1.5451 
218.0104 	 989.6928 	 1.8259 
218.0139 	 908.6910 	 2.0386 
218.0174 	 1025.6826 	 1.7065 
218.0208 	 1222.0172 	 1.8670 
218.0243 	 1227.1843 	 1.9113 
218.0278 	 1236.8455 	 1.7597 
218.0313 	 1175.6826 	 1.5017 
218.0347 	 1132.3605 	 1.8455 
218.0382 	 1258.5666 	 1.6553 
218.0417 	 1202.7350 	 1.4744 
218.0451 	 1226.9966 	 1.9283 
218.0486 	 1216.6453 	 2.0299 
218.0521 	 1234.3174 	 1.6212 
218.0556 	 1283.0556 	 1.6239 
218.0590 	 1400.7167 	 1.9454 
218.0625 	 1291.3519 	 1.6738 
218.0660 	 1280.1877 	 1.8259 
218.0694 	 1277.6078 	 1.8534 
218.0729 	 1225.3413 	 2.0137 
218.0764 	 1268.7124 	 1.8026 
218.0799 	 1257.2355 	 1.9625 
218.0833 	 1291.8026 	 1.7811 
218.0868 	 1297.4403 	 1.8430 
218.0903 	 1289.6352 	 1.6953 
218.0938 	 1258.3959 	 1.3481 
218.0972 	 1251.1111 	 1.9231 
218.1007 	 1210.9215 	 1.7235 
218.1042 	 1160.2778 	 1.3462 
218.1076 	 1189.1468 	 1.8089 
218.1111 	 1410.1923 	 1.8162 
218.1146 	 1328.8055 	 1.5017 
218.1181 	 1328.9056 	 1.3948 
218.1215 	 1327.8840 	 1.6894 
218.1250 	 1476.6738 	 1.9528 
218.1285 	 1263.8567 	 1.8089 
218.1319 	 1322.6180 	 2.0172 
218.1354 	 1348.9420 	 1.8259 
218.1389 	 1516.6094 	 1.8670 
218.1424 	 1453.0887 	 1.9966 
218.1458 	 1362.5751 	 1.7382 
218.1493 	 1299.0444 	 1.5358 
218.1528 	 1244.9359 	 1.9231 
218.1563 	 1388.1058 	 1.5870 
218.1597 	 1482.3077 	 1.6239 
218.1632 	 1577.4915 	 1.6382 
218.1667 	 1524.2949 	 1.7094 
218.1701 	 1490.6485 	 1.6041 
218.1736 	 1474.1631 	 1.8026 
218.1771 	 1391.6382 	 1.7577 
218.1806 	 1626.0944 	 2.1459 
218.1840 	 1482.3891 	 1.8601 
218.1875 	 1532.5322 	 2.1674 
218.1910 	 1466.7406 	 1.3481 
218.1944 	 1578.1250 	 1.8103 
218.1979 	 1429.9829 	 1.5188 
218.2014 	 1714.3562 	 1.8240 
218.2049 	 1581.1945 	 1.7406 
218.2083 	 1694.1453 	 1.8376 
218.2118 	 1703.8396 	 1.6894 
218.2153 	 1698.6538 	 1.7949 
218.2188 	 1755.4778 	 1.7747 
218.2222 	 1864.3162 	 2.0513 
218.2257 	 1767.4744 	 1.8259 
218.2292 	 1611.3734 	 1.4592 
218.2326 	 1560.0341 	 1.8601 
218.2361 	 1648.7983 	 1.8884 
218.2396 	 1932.6109 	 1.6382 
218.2431 	 1819.9356 	 1.6738 
218.2465 	 1941.8430 	 1.7235 
218.2500 	 1964.6567 	 1.7167 
218.2535 	 1962.6451 	 1.6724 
218.2569 	 2058.0258 	 1.8455 
218.2604 	 1814.4198 	 1.7235 
218.2639 	 1948.9530 	 1.9017 
218.2674 	 2014.1468 	 1.8771 
218.2708 	 2060.8974 	 1.4957 
218.2743 	 2095.5802 	 1.9283 
218.2778 	 2150.3846 	 1.8162 
218.2813 	 2157.2867 	 1.6382 
218.2847 	 2192.2532 	 1.8026 
218.2882 	 2197.5085 	 2.0307 
218.2917 	 2134.3348 	 1.9742 
218.2951 	 1942.9352 	 1.8259 
218.2986 	 1794.5494 	 1.6309 
218.3021 	 1792.6962 	 1.5700 
218.3056 	 2075.0858 	 1.7597 
218.3090 	 1861.3481 	 1.9625 
218.3125 	 1902.5322 	 1.5665 
218.3160 	 1953.0717 	 1.6382 
218.3194 	 1995.2564 	 1.7308 
218.3229 	 2136.3527 	 1.9349 
218.3264 	 1979.7863 	 1.9444 
218.3299 	 1865.8020 	 1.9966 
218.3333 	 1764.1880 	 1.6453 
218.3368 	 1736.7577 	 1.8601 
218.3403 	 1672.2747 	 1.8240 
218.3438 	 1697.5939 	 1.7918 
218.3472 	 1681.3948 	 1.5665 
218.3507 	 1431.7406 	 1.6894 
218.3542 	 1466.2661 	 1.6524 
218.3576 	 1559.0614 	 1.7577 
218.3611 	 1677.2318 	 1.8670 
218.3646 	 1490.7338 	 1.6894 
218.3681 	 1382.5751 	 1.6094 
218.3715 	 1456.4676 	 1.6894 
218.3750 	 1513.5043 	 1.9658 
218.3785 	 1510.3413 	 1.5188 
218.3819 	 1438.8889 	 1.5812 
218.3854 	 1554.4198 	 1.6382 
218.3889 	 1475.2564 	 1.6026 
218.3924 	 1487.2696 	 1.3823 
218.3958 	 1484.6996 	 1.5021 
218.3993 	 1319.9317 	 1.7065 
218.4028 	 1056.8240 	 1.5021 
218.4063 	 1017.3720 	 1.5358 
218.4097 	 855.1073 	 1.4163 
218.4132 	 705.7338 	 1.3140 
218.4167 	 558.3262 	 1.4378 
218.4201 	 629.6246 	 1.6724 
218.4236 	 836.4378 	 1.5880 
218.4271 	 925.1024 	 1.7747 
218.4306 	 872.4359 	 1.7521 
218.4340 	 781.5358 	 1.5700 
218.4375 	 858.7821 	 1.7521 
218.4410 	 942.6962 	 1.6041 
218.4444 	 928.1838 	 1.3889 
218.4479 	 1228.3276 	 1.8089 
218.4514 	 1352.2414 	 2.0043 
218.4549 	 1274.3686 	 1.5529 
218.4583 	 1272.2747 	 1.8670 
218.4618 	 1355.5290 	 1.5870 
218.4653 	 1329.6352 	 1.6953 
218.4688 	 1351.7918 	 1.7747 
218.4722 	 1323.8841 	 1.5665 
218.4757 	 1350.4778 	 1.7235 
218.4792 	 1189.4635 	 1.9099 
218.4826 	 1087.4403 	 1.6041 
218.4861 	 801.8376 	 1.9444 
218.4896 	 814.5051 	 1.5017 
218.4931 	 793.2479 	 1.4744 
218.4965 	 679.7270 	 1.5529 
218.5000 	 728.2051 	 1.7094 
218.5035 	 614.9488 	 1.8259 
218.5069 	 547.1674 	 1.8240 
218.5104 	 515.5119 	 1.6212 
218.5139 	 499.4206 	 1.8884 
218.5174 	 500.8703 	 1.6894 
218.5208 	 495.7725 	 1.3305 
218.5243 	 324.9829 	 1.4334 
218.5278 	 338.3262 	 1.5021 
218.5313 	 304.5904 	 1.2628 
218.5347 	 329.8069 	 1.3305 
218.5382 	 418.1741 	 1.3993 
218.5417 	 429.2308 	 1.2393 
218.5451 	 362.6451 	 1.4676 
218.5486 	 328.9957 	 1.1325 
218.5521 	 339.1809 	 1.4676 
218.5556 	 281.5598 	 1.3675 
218.5590 	 262.6451 	 1.2628 
218.5625 	 156.0300 	 1.1803 
218.5660 	 205.2901 	 1.4164 
218.5694 	 307.0815 	 1.8240 
218.5729 	 378.5836 	 1.3823 
218.5764 	 430.6681 	 1.6595 
218.5799 	 494.6928 	 1.4676 
218.5833 	 475.2575 	 1.3519 
218.5868 	 499.2150 	 1.4676 
218.5903 	 495.1288 	 1.5236 
218.5938 	 510.0512 	 1.1604 
218.5972 	 526.2607 	 1.3462 
218.6007 	 502.5427 	 1.5017 
218.6042 	 463.8248 	 1.3462 
218.6076 	 471.4164 	 1.4164 
218.6111 	 452.0727 	 1.3462 
218.6146 	 436.9966 	 1.3993 
218.6181 	 432.2103 	 1.2661 
218.6215 	 451.3823 	 1.6553 
218.6250 	 410.2790 	 1.3305 
218.6285 	 401.6723 	 1.3481 
218.6319 	 389.8712 	 1.5451 
218.6354 	 356.7918 	 1.4334 
218.6389 	 361.7597 	 1.4378 
218.6424 	 353.2082 	 1.3311 
218.6458 	 342.2747 	 1.2017 
218.6493 	 345.0341 	 1.1945 
218.6528 	 336.6453 	 1.1538 
218.6563 	 339.2150 	 1.4334 
218.6597 	 342.8419 	 1.4530 
218.6632 	 317.5768 	 1.4164 
218.6667 	 318.8248 	 1.4530 
218.6701 	 336.6894 	 1.2628 
218.6736 	 321.8669 	 1.6738 
218.6771 	 313.2594 	 0.9727 
218.6806 	 295.5365 	 1.2876 
218.6840 	 291.3311 	 1.2116 
218.6875 	 278.5193 	 1.2446 
218.6910 	 269.5392 	 1.0410 
218.6944 	 260.0858 	 0.9227 
218.6979 	 257.0990 	 1.4164 
218.7014 	 253.6207 	 1.4224 
218.7049 	 256.1775 	 1.2457 
218.7083 	 246.8803 	 1.3034 
218.7118 	 238.5154 	 1.0580 
218.7153 	 221.2821 	 1.3462 
218.7188 	 206.6553 	 1.3652 
218.7222 	 207.0513 	 1.4957 
218.7257 	 204.7099 	 1.2287 
218.7292 	 196.5022 	 1.5021 
218.7326 	 196.5358 	 1.2457 
218.7361 	 225.5794 	 1.1159 
218.7396 	 222.7474 	 1.4676 
218.7431 	 212.0601 	 1.0086 
218.7465 	 210.9386 	 1.1433 
218.7500 	 253.3047 	 1.0944 
218.7535 	 272.4573 	 1.4505 
218.7569 	 337.9185 	 1.3519 
218.7604 	 336.8089 	 1.1433 
218.7639 	 356.0684 	 1.5171 
218.7674 	 406.9283 	 1.1092 
218.7708 	 491.3248 	 1.7521 
218.7743 	 411.9454 	 1.2457 
218.7778 	 455.8761 	 1.3675 
218.7813 	 544.1979 	 1.7065 
218.7847 	 480.1717 	 1.7811 
218.7882 	 507.7474 	 1.7235 
218.7917 	 481.0730 	 1.7811 
218.7951 	 450.4266 	 1.3993 
218.7986 	 420.7940 	 1.1588 
218.8021 	 383.1229 	 1.3481 
218.8056 	 380.4292 	 1.3519 
218.8090 	 376.4846 	 1.4846 
218.8125 	 387.4249 	 1.6524 
218.8160 	 365.4778 	 1.1945 
218.8194 	 353.2906 	 1.3889 
218.8229 	 328.2253 	 1.0751 
218.8264 	 314.9573 	 1.3248 
218.8299 	 315.6849 	 1.1473 
218.8333 	 303.7607 	 1.5171 
218.8368 	 279.6758 	 1.2457 
218.8403 	 261.5451 	 1.2446 
218.8438 	 256.7235 	 1.6212 
218.8472 	 214.7425 	 1.3734 
218.8507 	 194.2150 	 1.3140 
218.8542 	 214.5494 	 1.3519 
218.8576 	 211.3652 	 1.4505 
218.8611 	 221.3090 	 1.2661 
218.8646 	 219.9659 	 1.4676 
218.8681 	 217.2747 	 1.1373 
218.8715 	 231.2116 	 1.4676 
218.8750 	 245.5342 	 1.6239 
218.8785 	 278.6348 	 1.5017 
218.8819 	 302.6923 	 1.4103 
218.8854 	 336.7406 	 1.3481 
218.8889 	 374.4444 	 1.6453 
218.8924 	 402.7304 	 1.5017 
218.8958 	 430.6652 	 1.6094 
218.8993 	 454.9488 	 1.8089 
218.9028 	 472.0386 	 1.2876 
218.9063 	 502.5427 	 1.4846 
218.9097 	 536.5022 	 1.3948 
218.9132 	 550.2218 	 1.6382 
218.9167 	 604.2704 	 1.8455 
218.9201 	 608.1911 	 1.4676 
218.9236 	 631.1803 	 1.5880 
218.9271 	 628.1229 	 1.2287 
218.9306 	 628.7821 	 1.2821 
218.9340 	 600.8874 	 1.7065 
218.9375 	 590.6197 	 1.5385 
218.9410 	 592.5085 	 1.6553 
218.9444 	 569.6368 	 1.3889 
218.9479 	 565.1195 	 1.3311 
218.9514 	 1263.2403 	 1.5021 
218.9549 	 561.1473 	 1.4555 
218.9583 	 539.3777 	 1.5236 
218.9618 	 555.4266 	 1.3140 
218.9653 	 581.1803 	 1.5451 
218.9688 	 597.2696 	 1.6212 
218.9722 	 601.0944 	 1.1588 
218.9757 	 605.1877 	 1.6382 
218.9792 	 632.5536 	 1.7597 
218.9826 	 644.5393 	 1.3823 
218.9861 	 648.5897 	 1.4316 
218.9896 	 625.8532 	 1.6553 
218.9931 	 639.6368 	 1.3462 
218.9965 	 639.3345 	 1.3481 
219.0000 	 648.8034 	 1.3462 
