Time-Day of Year 	 Electron flux 	 Proton flux 	 (Flux in the units of counts/sq cm.sec.sr) 
256.0035 	 38.7554 	 31.4592 
256.0069 	 78.7713 	 31.4334 
256.0104 	 84.8498 	 32.9614 
256.0139 	 75.7850 	 30.7679 
256.0174 	 66.7597 	 32.1888 
256.0208 	 78.0887 	 31.6724 
256.0243 	 64.4444 	 31.7735 
256.0278 	 57.5939 	 29.7270 
256.0313 	 35.0641 	 31.1111 
256.0347 	 41.0751 	 31.4334 
256.0382 	 85.9188 	 34.1239 
256.0417 	 85.0171 	 34.2833 
256.0451 	 84.7009 	 35.9829 
256.0486 	 86.6212 	 38.2594 
256.0521 	 88.0258 	 36.3090 
256.0556 	 85.4096 	 34.4027 
256.0590 	 88.7931 	 35.5172 
256.0625 	 100.2389 	 37.2696 
256.0660 	 96.7382 	 37.7682 
256.0694 	 93.9932 	 35.7509 
256.0729 	 91.2017 	 33.0258 
256.0764 	 88.5495 	 31.5529 
256.0799 	 99.4444 	 30.5342 
256.0833 	 100.6655 	 31.2799 
256.0868 	 99.0171 	 33.8034 
256.0903 	 100.5120 	 30.3242 
256.0938 	 97.0726 	 31.7949 
256.0972 	 98.2765 	 32.2696 
256.1007 	 88.5897 	 32.2009 
256.1042 	 85.8703 	 32.2526 
256.1076 	 82.9399 	 31.2446 
256.1111 	 71.6553 	 31.9454 
256.1146 	 71.5236 	 32.9185 
256.1181 	 73.2765 	 32.9181 
256.1215 	 61.3519 	 32.8755 
256.1250 	 63.1229 	 32.0307 
256.1285 	 61.1803 	 33.5622 
256.1319 	 61.1604 	 32.2184 
256.1354 	 62.0299 	 33.1197 
256.1389 	 58.8225 	 31.3481 
256.1424 	 60.0427 	 32.0085 
256.1458 	 61.0580 	 29.8294 
256.1493 	 69.2521 	 32.2436 
256.1528 	 72.2867 	 31.0410 
256.1563 	 78.7607 	 31.4744 
256.1597 	 83.2423 	 29.4369 
256.1632 	 95.0215 	 29.3562 
256.1667 	 91.7918 	 30.5973 
256.1701 	 94.6352 	 32.5751 
256.1736 	 83.2082 	 31.4334 
256.1771 	 105.8155 	 28.6695 
256.1806 	 103.4130 	 31.9113 
256.1840 	 110.2790 	 35.7082 
256.1875 	 95.2740 	 31.1473 
256.1910 	 102.8846 	 31.7308 
256.1944 	 101.0239 	 32.3891 
256.1979 	 102.8846 	 29.9573 
256.2014 	 100.0000 	 31.8430 
256.2049 	 82.2863 	 30.8761 
256.2083 	 104.3003 	 31.6553 
256.2118 	 111.9231 	 29.3376 
256.2153 	 114.2492 	 28.9590 
256.2188 	 112.8112 	 32.3820 
256.2222 	 122.0307 	 31.0410 
256.2257 	 141.1159 	 30.4721 
256.2292 	 155.0512 	 27.0307 
256.2326 	 145.8155 	 27.5751 
256.2361 	 146.8771 	 27.0307 
256.2396 	 134.2489 	 28.0472 
256.2431 	 144.0785 	 25.1706 
256.2465 	 150.3846 	 26.0256 
256.2500 	 133.5324 	 28.7372 
256.2535 	 127.9915 	 26.1752 
256.2569 	 126.1775 	 29.8805 
256.2604 	 138.1410 	 29.0598 
256.2639 	 127.7304 	 31.8942 
256.2674 	 152.8846 	 29.9145 
256.2708 	 161.3823 	 29.2833 
256.2743 	 114.6996 	 30.4506 
256.2778 	 115.1536 	 31.9966 
256.2813 	 92.9185 	 32.6395 
256.2847 	 116.4676 	 31.0751 
256.2882 	 133.3047 	 28.9056 
256.2917 	 128.2935 	 27.5427 
256.2951 	 126.2232 	 27.9185 
256.2986 	 140.3413 	 29.0102 
256.3021 	 137.0727 	 30.9188 
256.3056 	 130.7509 	 31.2969 
256.3090 	 134.2949 	 30.6838 
256.3125 	 135.4096 	 31.4164 
256.3160 	 145.1073 	 33.0687 
256.3194 	 146.7065 	 32.3720 
256.3229 	 134.6581 	 31.5171 
256.3264 	 133.7372 	 32.6280 
256.3299 	 137.0601 	 33.1760 
256.3333 	 135.5631 	 32.5768 
256.3368 	 126.4163 	 32.9614 
256.3403 	 125.3242 	 32.6792 
256.3438 	 136.7167 	 34.0773 
256.3472 	 138.6860 	 33.0205 
256.3507 	 129.4421 	 33.4549 
256.3542 	 124.9829 	 33.9761 
256.3576 	 104.2735 	 33.9744 
256.3611 	 52.8498 	 32.4744 
256.3646 	 53.4402 	 32.0299 
256.3681 	 72.3720 	 32.6962 
256.3715 	 82.8632 	 29.1667 
256.3750 	 107.1160 	 28.9932 
256.3785 	 106.7308 	 30.7051 
256.3819 	 120.9556 	 30.1024 
256.3854 	 114.0987 	 29.1845 
256.3889 	 118.1229 	 30.0171 
256.3924 	 149.5279 	 28.3906 
256.3958 	 128.9420 	 30.3072 
256.3993 	 125.9657 	 32.1245 
256.4028 	 145.0512 	 31.2969 
256.4063 	 143.0687 	 30.2361 
256.4097 	 118.5154 	 29.2833 
256.4132 	 132.9487 	 32.4145 
256.4167 	 137.3038 	 27.8669 
256.4201 	 132.1368 	 30.4701 
256.4236 	 144.0785 	 29.1468 
256.4271 	 124.7863 	 29.0598 
256.4306 	 129.8806 	 28.1570 
256.4340 	 131.0897 	 32.1154 
256.4375 	 127.5256 	 29.9317 
256.4410 	 121.0944 	 29.3777 
256.4444 	 113.3219 	 29.7089 
256.4479 	 105.9657 	 32.3391 
256.4514 	 101.9454 	 31.5358 
256.4549 	 90.4292 	 33.0472 
256.4583 	 82.0478 	 31.1433 
256.4618 	 83.8841 	 31.9313 
256.4653 	 86.2287 	 31.4676 
256.4688 	 83.9103 	 29.3162 
256.4722 	 79.4539 	 31.4505 
256.4757 	 84.5726 	 31.1111 
256.4792 	 82.5256 	 29.4198 
256.4826 	 89.6581 	 29.6581 
256.4861 	 83.8055 	 29.6758 
256.4896 	 78.4615 	 29.7009 
256.4931 	 71.1818 	 26.7273 
256.4965 	    NaN 	    NaN 
256.5000 	    NaN 	    NaN 
256.5035 	    NaN 	    NaN 
256.5069 	    NaN 	    NaN 
256.5104 	    NaN 	    NaN 
256.5139 	    NaN 	    NaN 
256.5174 	    NaN 	    NaN 
256.5208 	    NaN 	    NaN 
256.5243 	    NaN 	    NaN 
256.5278 	    NaN 	    NaN 
256.5313 	    NaN 	    NaN 
256.5347 	    NaN 	    NaN 
256.5382 	    NaN 	    NaN 
256.5417 	    NaN 	    NaN 
256.5451 	    NaN 	    NaN 
256.5486 	    NaN 	    NaN 
256.5521 	    NaN 	    NaN 
256.5556 	    NaN 	    NaN 
256.5590 	    NaN 	    NaN 
256.5625 	    NaN 	    NaN 
256.5660 	    NaN 	    NaN 
256.5694 	    NaN 	    NaN 
256.5729 	    NaN 	    NaN 
256.5764 	    NaN 	    NaN 
256.5799 	    NaN 	    NaN 
256.5833 	    NaN 	    NaN 
256.5868 	    NaN 	    NaN 
256.5903 	    NaN 	    NaN 
256.5938 	    NaN 	    NaN 
256.5972 	    NaN 	    NaN 
256.6007 	    NaN 	    NaN 
256.6042 	    NaN 	    NaN 
256.6076 	    NaN 	    NaN 
256.6111 	    NaN 	    NaN 
256.6146 	    NaN 	    NaN 
256.6181 	    NaN 	    NaN 
256.6215 	    NaN 	    NaN 
256.6250 	    NaN 	    NaN 
256.6285 	    NaN 	    NaN 
256.6319 	    NaN 	    NaN 
256.6354 	    NaN 	    NaN 
256.6389 	    NaN 	    NaN 
256.6424 	    NaN 	    NaN 
256.6458 	    NaN 	    NaN 
256.6493 	    NaN 	    NaN 
256.6528 	    NaN 	    NaN 
256.6563 	    NaN 	    NaN 
256.6597 	    NaN 	    NaN 
256.6632 	    NaN 	    NaN 
256.6667 	    NaN 	    NaN 
256.6701 	    NaN 	    NaN 
256.6736 	    NaN 	    NaN 
256.6771 	    NaN 	    NaN 
256.6806 	    NaN 	    NaN 
256.6840 	    NaN 	    NaN 
256.6875 	    NaN 	    NaN 
256.6910 	    NaN 	    NaN 
256.6944 	    NaN 	    NaN 
256.6979 	    NaN 	    NaN 
256.7014 	    NaN 	    NaN 
256.7049 	    NaN 	    NaN 
256.7083 	    NaN 	    NaN 
256.7118 	    NaN 	    NaN 
256.7153 	    NaN 	    NaN 
256.7188 	    NaN 	    NaN 
256.7222 	    NaN 	    NaN 
256.7257 	    NaN 	    NaN 
256.7292 	    NaN 	    NaN 
256.7326 	    NaN 	    NaN 
256.7361 	    NaN 	    NaN 
256.7396 	    NaN 	    NaN 
256.7431 	    NaN 	    NaN 
256.7465 	    NaN 	    NaN 
256.7500 	    NaN 	    NaN 
256.7535 	    NaN 	    NaN 
256.7569 	    NaN 	    NaN 
256.7604 	    NaN 	    NaN 
256.7639 	    NaN 	    NaN 
256.7674 	    NaN 	    NaN 
256.7708 	    NaN 	    NaN 
256.7743 	    NaN 	    NaN 
256.7778 	    NaN 	    NaN 
256.7813 	    NaN 	    NaN 
256.7847 	    NaN 	    NaN 
256.7882 	    NaN 	    NaN 
256.7917 	    NaN 	    NaN 
256.7951 	    NaN 	    NaN 
256.7986 	    NaN 	    NaN 
256.8021 	    NaN 	    NaN 
256.8056 	    NaN 	    NaN 
256.8090 	    NaN 	    NaN 
256.8125 	    NaN 	    NaN 
256.8160 	    NaN 	    NaN 
256.8194 	    NaN 	    NaN 
256.8229 	    NaN 	    NaN 
256.8264 	    NaN 	    NaN 
256.8299 	    NaN 	    NaN 
256.8333 	    NaN 	    NaN 
256.8368 	    NaN 	    NaN 
256.8403 	    NaN 	    NaN 
256.8438 	    NaN 	    NaN 
256.8472 	    NaN 	    NaN 
256.8507 	    NaN 	    NaN 
256.8542 	    NaN 	    NaN 
256.8576 	    NaN 	    NaN 
256.8611 	    NaN 	    NaN 
256.8646 	    NaN 	    NaN 
256.8681 	    NaN 	    NaN 
256.8715 	    NaN 	    NaN 
256.8750 	    NaN 	    NaN 
256.8785 	    NaN 	    NaN 
256.8819 	    NaN 	    NaN 
256.8854 	    NaN 	    NaN 
256.8889 	    NaN 	    NaN 
256.8924 	    NaN 	    NaN 
256.8958 	    NaN 	    NaN 
256.8993 	    NaN 	    NaN 
256.9028 	    NaN 	    NaN 
256.9063 	    NaN 	    NaN 
256.9097 	    NaN 	    NaN 
256.9132 	    NaN 	    NaN 
256.9167 	    NaN 	    NaN 
256.9201 	    NaN 	    NaN 
256.9236 	    NaN 	    NaN 
256.9271 	    NaN 	    NaN 
256.9306 	    NaN 	    NaN 
256.9340 	    NaN 	    NaN 
256.9375 	    NaN 	    NaN 
256.9410 	    NaN 	    NaN 
256.9444 	    NaN 	    NaN 
256.9479 	    NaN 	    NaN 
256.9514 	    NaN 	    NaN 
256.9549 	    NaN 	    NaN 
256.9583 	    NaN 	    NaN 
256.9618 	    NaN 	    NaN 
256.9653 	    NaN 	    NaN 
256.9688 	    NaN 	    NaN 
256.9722 	    NaN 	    NaN 
256.9757 	    NaN 	    NaN 
256.9792 	    NaN 	    NaN 
256.9826 	    NaN 	    NaN 
256.9861 	    NaN 	    NaN 
256.9896 	    NaN 	    NaN 
256.9931 	    NaN 	    NaN 
256.9965 	    NaN 	    NaN 
257.0000 	    NaN 	    NaN 
