Time-Day of Year 	 Electron flux 	 Proton flux 	 (Flux in the units of counts/sq cm.sec.sr) 
318.0035 	 616.9066 	 2.1401 
318.0069 	 627.4349 	 2.1375 
318.0104 	 630.1357 	 1.9767 
318.0139 	 652.4535 	 2.2119 
318.0174 	 642.9845 	 2.2093 
318.0208 	 682.1004 	 2.1561 
318.0243 	 666.9261 	 1.6926 
318.0278 	 699.9814 	 2.1190 
318.0313 	 723.9494 	 1.9261 
318.0347 	 781.2454 	 1.8587 
318.0382 	 793.1323 	 2.0428 
318.0417 	 825.3346 	 1.7658 
318.0451 	 854.3798 	 1.8411 
318.0486 	 950.8178 	 1.9145 
318.0521 	 944.8256 	 1.9380 
318.0556 	 1001.4498 	 1.9703 
318.0590 	 1068.9922 	 2.3062 
318.0625 	 1047.3420 	 2.1561 
318.0660 	 1059.3992 	 2.0736 
318.0694 	 1072.9104 	 1.9216 
318.0729 	 1096.6667 	 2.2481 
318.0764 	 1131.7351 	 2.1455 
318.0799 	 1097.3062 	 3.0039 
318.0833 	 1124.9440 	 2.2201 
318.0868 	 1150.3295 	 2.1124 
318.0903 	 1202.3134 	 2.4813 
318.0938 	 1177.9264 	 2.2868 
318.0972 	 1190.4851 	 2.1082 
318.1007 	 1230.1158 	 1.7375 
318.1042 	 1321.2127 	 1.9776 
318.1076 	 1356.8533 	 2.0849 
318.1111 	 1451.8657 	 2.1455 
318.1146 	 1550.4247 	 1.8340 
318.1181 	 1590.2052 	 2.3881 
318.1215 	 1657.0077 	 2.5097 
318.1250 	 1605.1509 	 1.9057 
318.1285 	 1605.6731 	 1.7500 
318.1319 	 1589.6617 	 1.9361 
318.1354 	 1610.7308 	 1.9231 
318.1389 	 1556.1090 	 1.7857 
318.1424 	 1490.3462 	 1.8654 
318.1458 	 1430.1692 	 1.8233 
318.1493 	 1383.5962 	 1.7115 
318.1528 	 1318.2707 	 1.8797 
318.1563 	 1285.7663 	 2.0115 
318.1597 	 1326.0902 	 1.8045 
318.1632 	 1296.4368 	 1.6667 
318.1667 	 1283.4211 	 1.8609 
318.1701 	 1290.6705 	 1.9732 
318.1736 	 1308.0075 	 1.7105 
318.1771 	 1291.3602 	 1.8966 
318.1806 	 1299.1321 	 1.6226 
318.1840 	 1249.7701 	 2.2414 
318.1875 	 1157.9057 	 1.6792 
318.1910 	 1112.9310 	 2.2031 
318.1944 	 1013.8679 	 1.5849 
318.1979 	 1046.2261 	 1.7816 
318.2014 	 1120.0755 	 1.7358 
318.2049 	 1150.8812 	 1.5900 
318.2083 	 1196.9057 	 1.5472 
318.2118 	 1183.6069 	 1.9656 
318.2153 	 1271.1321 	 1.9434 
318.2188 	 1296.6031 	 1.8702 
318.2222 	 1338.6038 	 2.0377 
318.2257 	 1344.2557 	 1.6985 
318.2292 	 1416.9811 	 1.4528 
318.2326 	 1416.7557 	 1.9847 
318.2361 	 1530.5303 	 2.1212 
318.2396 	 1453.9885 	 1.5458 
318.2431 	 1540.3220 	 1.7424 
318.2465 	 1513.1298 	 1.7557 
318.2500 	 1581.0456 	 1.9582 
318.2535 	 1531.6350 	 1.9582 
318.2569 	 1514.6198 	 1.7490 
318.2604 	 1515.4563 	 1.6730 
318.2639 	 1426.2357 	 1.8251 
318.2674 	 1417.3864 	 2.0076 
318.2708 	 1272.3194 	 1.8441 
318.2743 	 1248.9205 	 1.4962 
318.2778 	 1248.2319 	 1.4639 
318.2813 	 1243.1629 	 1.5720 
318.2847 	 1282.1483 	 1.7681 
318.2882 	 1298.0303 	 1.9318 
318.2917 	 1278.4411 	 1.7490 
318.2951 	 1310.1326 	 1.7803 
318.2986 	 1282.4618 	 1.5267 
318.3021 	 1340.5114 	 1.7235 
318.3056 	 1303.4733 	 1.9084 
318.3090 	 1262.2159 	 1.8939 
318.3125 	 1251.2595 	 1.4122 
318.3160 	 1192.4427 	 1.4695 
318.3194 	 1166.8702 	 1.4313 
318.3229 	 1202.9057 	 1.7925 
318.3264 	 1210.8397 	 1.5267 
318.3299 	 1206.4717 	 1.6226 
318.3333 	 1211.0115 	 1.6794 
318.3368 	 1222.9057 	 1.4717 
318.3403 	 1212.3664 	 1.4885 
318.3438 	 1244.7358 	 1.5849 
318.3472 	 1192.8244 	 1.6221 
318.3507 	 1163.2453 	 1.6415 
318.3542 	 1070.4789 	 1.4176 
318.3576 	 1055.6038 	 1.5849 
318.3611 	 931.9349 	 1.2261 
318.3646 	 924.3774 	 1.3774 
318.3681 	 937.7500 	 1.5577 
318.3715 	 779.9812 	 1.2030 
318.3750 	 768.5385 	 1.3654 
318.3785 	 793.2584 	 1.1423 
318.3819 	 735.2692 	 1.2308 
318.3854 	 715.4307 	 1.4794 
318.3889 	 705.2308 	 1.1154 
318.3924 	 692.0225 	 1.2734 
318.3958 	 688.0192 	 0.9038 
318.3993 	 703.0337 	 1.2172 
318.4028 	 661.9423 	 1.3462 
318.4063 	 630.7491 	 1.0112 
318.4097 	 619.0927 	 1.0425 
318.4132 	 580.2996 	 0.9363 
318.4167 	 407.6062 	 0.9459 
318.4201 	 420.5618 	 1.3858 
318.4236 	 392.2008 	 1.2162 
318.4271 	 369.0075 	 1.0300 
318.4306 	 345.3475 	 1.0039 
318.4340 	 346.5766 	 0.9234 
318.4375 	 328.9427 	 1.1233 
318.4410 	 311.8284 	 0.8769 
318.4444 	 294.9614 	 0.9846 
318.4479 	 273.8246 	 1.1567 
318.4514 	 271.3320 	 1.0039 
318.4549 	 255.8396 	 1.1381 
318.4583 	 251.0039 	 1.0618 
318.4618 	 213.0970 	 1.0821 
318.4653 	 191.8798 	 0.9690 
318.4688 	 178.0784 	 0.7836 
318.4722 	 168.1783 	 0.8140 
318.4757 	 162.2201 	 1.1007 
318.4792 	 167.6744 	 0.8915 
318.4826 	 167.1828 	 1.0261 
318.4861 	 154.7868 	 0.6589 
318.4896 	 136.0448 	 1.0634 
318.4931 	 121.9261 	 0.9144 
318.4965 	 117.2222 	 0.9074 
318.5000 	 119.5331 	 1.0895 
318.5035 	 105.2407 	 0.9074 
318.5069 	 74.6887 	 0.9144 
318.5104 	 54.2222 	 0.8148 
318.5139 	 51.6926 	 0.7588 
318.5174 	 56.6481 	 0.8889 
318.5208 	 58.0469 	 1.0156 
318.5243 	 60.0185 	 0.9259 
318.5278 	 65.0195 	 0.8984 
318.5313 	 62.1296 	 0.9815 
318.5347 	 58.5156 	 0.7617 
318.5382 	 58.4815 	 0.7037 
318.5417 	 53.4961 	 0.9375 
318.5451 	 47.3333 	 0.7593 
318.5486 	 37.2266 	 0.6250 
318.5521 	 33.5424 	 0.5535 
318.5556 	 32.8125 	 0.7031 
318.5590 	 33.4686 	 0.7934 
318.5625 	 37.8516 	 0.7422 
318.5660 	 37.4908 	 0.8856 
318.5694 	 36.7773 	 0.5859 
318.5729 	 42.4539 	 0.6642 
318.5764 	 44.0980 	 0.7059 
318.5799 	 41.7897 	 0.7934 
318.5833 	 41.8431 	 0.8039 
318.5868 	 45.5351 	 0.9041 
318.5903 	 47.6078 	 0.7255 
318.5938 	 45.9963 	 0.6458 
318.5972 	 44.2941 	 0.7647 
318.6007 	 42.5368 	 0.8088 
318.6042 	 41.4118 	 0.6667 
318.6076 	 40.3860 	 0.7904 
318.6111 	 40.2157 	 0.7255 
318.6146 	 37.5735 	 0.5699 
318.6181 	 35.0394 	 0.9055 
318.6215 	 36.9597 	 0.7143 
318.6250 	 36.4370 	 0.6496 
318.6285 	 29.8168 	 0.7143 
318.6319 	 27.9051 	 0.7708 
318.6354 	 25.8608 	 0.6227 
318.6389 	 19.3083 	 0.6126 
318.6424 	 15.2015 	 0.4579 
318.6458 	 13.7549 	 0.4545 
318.6493 	 18.5897 	 0.5495 
318.6528 	 11.3636 	 0.6324 
318.6563 	 13.4307 	 0.6387 
318.6597 	 12.9644 	 0.4941 
318.6632 	 5.9124 	 0.5474 
318.6667 	 6.3636 	 0.5138 
318.6701 	 7.2810 	 0.6022 
318.6736 	 5.3162 	 0.4941 
318.6771 	 12.3540 	 0.5657 
318.6806 	 48.2213 	 0.7312 
318.6840 	 49.2701 	 0.8577 
318.6875 	 38.4524 	 0.5952 
318.6910 	 26.4051 	 0.5839 
318.6944 	 69.7421 	 1.0119 
318.6979 	 57.2080 	 0.8577 
318.7014 	 64.9405 	 0.6746 
318.7049 	 87.4270 	 0.6934 
318.7083 	 85.6349 	 0.8730 
318.7118 	 87.2364 	 0.7818 
318.7153 	 114.6032 	 1.0714 
318.7188 	 97.3818 	 0.9091 
318.7222 	 88.5516 	 0.7738 
318.7257 	 90.8364 	 0.7818 
318.7292 	 74.5040 	 0.6548 
318.7326 	 61.0545 	 0.5273 
318.7361 	 55.4800 	 0.7200 
318.7396 	 50.9058 	 0.7246 
318.7431 	 42.2800 	 0.8000 
318.7465 	 45.1993 	 0.7609 
318.7500 	 45.3200 	 0.9200 
318.7535 	 39.5833 	 0.5978 
318.7569 	 32.6400 	 0.7600 
318.7604 	 25.6703 	 0.7428 
318.7639 	 22.8600 	 0.9800 
318.7674 	 25.4874 	 0.6318 
318.7708 	 22.2600 	 0.5200 
318.7743 	 20.1264 	 0.5957 
318.7778 	 14.8600 	 0.8200 
318.7813 	 12.4368 	 0.5776 
318.7847 	 15.6800 	 0.7400 
318.7882 	 18.8809 	 0.7040 
318.7917 	 22.7510 	 0.7028 
318.7951 	 25.8484 	 0.7040 
318.7986 	 23.8956 	 0.8032 
318.8021 	 20.9928 	 0.6318 
318.8056 	 21.7871 	 0.7430 
318.8090 	 23.2130 	 0.5957 
318.8125 	 24.5783 	 0.6827 
318.8160 	 25.3791 	 0.6859 
318.8194 	 21.7269 	 0.8434 
318.8229 	 19.7662 	 0.8094 
318.8264 	 15.3012 	 1.0241 
318.8299 	 14.5683 	 0.7554 
318.8333 	 17.4498 	 0.7028 
318.8368 	 18.4353 	 0.6655 
318.8403 	 21.0643 	 0.7430 
318.8438 	 20.7554 	 0.7554 
318.8472 	 16.5524 	 0.8669 
318.8507 	 19.7302 	 0.8633 
318.8542 	 19.8790 	 1.1895 
318.8576 	 13.4173 	 0.8633 
318.8611 	 11.4372 	 0.9514 
318.8646 	 12.7599 	 0.9140 
318.8681 	 11.4575 	 0.8502 
318.8715 	 12.9107 	 1.0714 
318.8750 	 12.5911 	 0.9514 
318.8785 	 10.1607 	 0.7500 
318.8819 	 14.9393 	 1.0729 
318.8854 	 15.7500 	 0.9643 
318.8889 	 11.9433 	 0.7895 
318.8924 	 11.6429 	 0.8214 
318.8958 	 8.8866 	 0.9514 
318.8993 	 9.8929 	 0.7321 
318.9028 	 13.6992 	 0.9756 
318.9063 	 16.1964 	 0.7679 
318.9097 	 27.0325 	 0.8333 
318.9132 	 28.2143 	 0.6250 
318.9167 	 26.3821 	 0.8740 
318.9201 	 24.9643 	 0.9107 
318.9236 	 21.5244 	 0.8130 
318.9271 	 23.2028 	 0.8897 
318.9306 	 20.0406 	 0.7724 
318.9340 	 24.4484 	 0.7473 
318.9375 	 27.4797 	 0.9553 
318.9410 	 29.5730 	 0.7295 
318.9444 	 31.5244 	 0.7927 
318.9479 	 36.1388 	 0.9075 
318.9514 	 31.6463 	 0.6707 
318.9549 	 29.2527 	 0.8719 
318.9583 	 28.9796 	 0.7347 
318.9618 	 26.6726 	 0.7117 
318.9653 	 24.4694 	 0.8776 
318.9688 	 28.9324 	 0.8363 
318.9722 	 28.2653 	 1.1020 
318.9757 	 26.7794 	 0.8541 
318.9792 	 31.3320 	 0.7377 
318.9826 	 32.1378 	 1.0424 
318.9861 	 34.8975 	 0.9836 
318.9896 	 41.5548 	 0.7067 
318.9931 	 47.8689 	 0.6762 
318.9965 	 50.0530 	 0.8481 
319.0000 	 56.8238 	 1.1270 
