Time-Day of Year 	 Electron flux 	 Proton flux 	 (Flux in the units of counts/sq cm.sec.sr) 
248.0035 	 138.9249 	 3.0887 
248.0069 	 160.8369 	 2.8112 
248.0104 	 169.1809 	 3.0375 
248.0139 	 170.3863 	 3.1545 
248.0174 	 154.6587 	 3.2594 
248.0208 	 149.6567 	 4.3777 
248.0243 	 155.5631 	 4.1809 
248.0278 	 149.0343 	 4.3777 
248.0313 	 162.6109 	 4.7782 
248.0347 	 191.6667 	 4.5085 
248.0382 	 180.4096 	 4.8123 
248.0417 	 208.7607 	 4.0598 
248.0451 	 213.8737 	 4.2662 
248.0486 	 197.4145 	 4.8077 
248.0521 	 209.4369 	 5.8703 
248.0556 	 201.4163 	 6.0730 
248.0590 	 224.8123 	 6.9966 
248.0625 	 225.7940 	 7.0815 
248.0660 	 242.1843 	 7.2014 
248.0694 	 246.1588 	 7.7468 
248.0729 	 271.0410 	 8.6860 
248.0764 	 291.0300 	 8.9270 
248.0799 	 321.2116 	 8.9420 
248.0833 	 346.0300 	 9.2918 
248.0868 	 357.3288 	 10.0514 
248.0903 	 360.0214 	 9.9573 
248.0938 	 382.4573 	 10.7850 
248.0972 	 410.7265 	 9.5940 
248.1007 	 407.1160 	 10.1024 
248.1042 	 426.0684 	 10.5983 
248.1076 	 456.5017 	 11.5529 
248.1111 	 456.8240 	 12.0172 
248.1146 	 484.3857 	 12.0137 
248.1181 	 484.9142 	 13.5193 
248.1215 	 553.9590 	 13.1911 
248.1250 	 563.7768 	 14.6137 
248.1285 	 548.1229 	 15.2560 
248.1319 	 517.3391 	 15.1931 
248.1354 	 405.3925 	 17.4744 
248.1389 	 510.2575 	 17.9828 
248.1424 	 465.6655 	 17.9010 
248.1458 	 468.1410 	 21.1538 
248.1493 	 593.5836 	 18.8055 
248.1528 	 539.1453 	 19.8718 
248.1563 	 546.8601 	 17.7986 
248.1597 	 560.3846 	 16.8162 
248.1632 	 587.0478 	 15.7679 
248.1667 	 585.2575 	 16.2876 
248.1701 	 580.4437 	 15.3242 
248.1736 	 569.1416 	 14.7210 
248.1771 	 585.1707 	 15.2901 
248.1806 	 563.5408 	 17.7682 
248.1840 	 526.2116 	 19.3515 
248.1875 	 551.7597 	 19.5494 
248.1910 	 566.8089 	 19.7611 
248.1944 	 570.7940 	 20.3433 
248.1979 	 576.6553 	 21.7406 
248.2014 	 570.8333 	 21.6667 
248.2049 	 593.9932 	 21.2628 
248.2083 	 597.7992 	 21.8376 
248.2118 	 598.2877 	 22.7055 
248.2153 	 562.3291 	 21.1966 
248.2188 	 600.9556 	 22.8157 
248.2222 	 606.8026 	 24.3348 
248.2257 	 634.0444 	 23.4300 
248.2292 	 616.9957 	 24.2489 
248.2326 	 634.9829 	 23.6519 
248.2361 	 631.3949 	 23.1760 
248.2396 	 628.7543 	 23.5324 
248.2431 	 629.8498 	 23.7554 
248.2465 	 644.2833 	 23.2082 
248.2500 	 625.1502 	 24.2275 
248.2535 	 654.8635 	 22.1502 
248.2569 	 635.9829 	 23.9530 
248.2604 	 654.4369 	 23.5324 
248.2639 	 670.3846 	 23.8034 
248.2674 	 690.5290 	 23.8396 
248.2708 	 665.9615 	 24.2949 
248.2743 	 674.4369 	 23.5324 
248.2778 	 668.1545 	 22.9614 
248.2813 	 662.6792 	 25.0341 
248.2847 	 666.8240 	 24.9142 
248.2882 	 643.9590 	 24.6587 
248.2917 	 603.5408 	 24.8069 
248.2951 	 615.8532 	 27.2355 
248.2986 	 591.4592 	 27.5322 
248.3021 	 601.1433 	 28.2253 
248.3056 	 605.4506 	 29.3777 
248.3090 	 589.0614 	 29.4710 
248.3125 	 596.9872 	 30.0855 
248.3160 	 599.7270 	 31.3652 
248.3194 	 563.1410 	 32.2009 
248.3229 	 562.7133 	 30.6314 
248.3264 	 554.7436 	 28.9744 
248.3299 	 569.8464 	 27.5597 
248.3333 	 563.9485 	 26.8884 
248.3368 	 535.1365 	 26.9454 
248.3403 	 549.5474 	 25.8405 
248.3438 	 511.5017 	 27.2867 
248.3472 	 483.3906 	 26.7167 
248.3507 	 457.7816 	 24.3857 
248.3542 	 470.5150 	 22.7039 
248.3576 	 529.1979 	 23.4471 
248.3611 	 520.6009 	 22.5751 
248.3646 	 488.9420 	 24.0102 
248.3681 	 472.9060 	 24.5085 
248.3715 	 479.6587 	 22.9352 
248.3750 	 462.4786 	 22.9274 
248.3785 	 453.3277 	 21.6553 
248.3819 	 468.3974 	 21.4744 
248.3854 	 484.2321 	 21.7918 
248.3889 	 475.3648 	 20.6438 
248.3924 	 465.9386 	 20.7850 
248.3958 	 454.0772 	 21.6309 
248.3993 	 450.8703 	 23.4812 
248.4028 	 450.4721 	 25.9227 
248.4063 	 424.0785 	 24.1809 
248.4097 	 390.0644 	 23.3691 
248.4132 	 412.8669 	 27.3891 
248.4167 	 413.3906 	 28.4120 
248.4201 	 419.7440 	 28.9420 
248.4236 	 411.7094 	 32.3077 
248.4271 	 407.9522 	 32.2696 
248.4306 	 401.7735 	 33.6111 
248.4340 	 389.7099 	 30.1536 
248.4375 	 390.2992 	 29.7863 
248.4410 	 382.4744 	 30.8362 
248.4444 	 362.8326 	 30.0000 
248.4479 	 362.4403 	 28.4300 
248.4514 	 357.6824 	 30.3863 
248.4549 	 361.2116 	 29.1980 
248.4583 	 345.7081 	 31.1588 
248.4618 	 332.5427 	 31.6724 
248.4653 	 314.7414 	 29.2672 
248.4688 	 295.4266 	 32.0819 
248.4722 	 300.1931 	 34.0987 
248.4757 	 308.8908 	 32.4232 
248.4792 	 304.2521 	 30.8547 
248.4826 	 290.3754 	 34.1809 
248.4861 	 292.7564 	 37.6068 
248.4896 	 272.3379 	 40.6997 
248.4931 	 254.5299 	 44.5085 
248.4965 	 240.0683 	 42.4061 
248.5000 	 238.9316 	 48.3333 
248.5035 	 253.4130 	 41.8259 
248.5069 	 260.4506 	 37.6180 
248.5104 	 261.1775 	 37.1502 
248.5139 	 260.9871 	 39.4635 
248.5174 	 254.0102 	 38.6177 
248.5208 	 255.1073 	 38.6910 
248.5243 	 264.8464 	 34.4710 
248.5278 	 237.1888 	 36.0515 
248.5313 	 239.2833 	 35.3754 
248.5347 	 241.7094 	 36.0684 
248.5382 	 240.9386 	 42.0648 
248.5417 	 248.4615 	 42.2222 
248.5451 	 253.5836 	 43.1741 
248.5486 	 262.5641 	 41.0897 
248.5521 	 273.3788 	 42.5597 
248.5556 	 261.5385 	 38.8248 
248.5590 	 259.8806 	 39.0614 
248.5625 	 255.6438 	 36.6309 
248.5660 	 262.5939 	 34.9659 
248.5694 	 268.7768 	 36.2661 
248.5729 	 267.2526 	 34.6928 
248.5764 	 263.8627 	 35.8798 
248.5799 	 264.4539 	 35.2048 
248.5833 	 261.1373 	 34.6781 
248.5868 	 270.2560 	 34.0785 
248.5903 	 275.4077 	 33.1974 
248.5938 	 272.0307 	 36.3481 
248.5972 	 275.8333 	 33.8889 
248.6007 	 270.6655 	 34.7782 
248.6042 	 262.2009 	 34.1026 
248.6076 	 259.8976 	 32.2696 
248.6111 	 255.2575 	 32.4249 
248.6146 	 247.1502 	 30.5119 
248.6181 	 251.3305 	 32.1674 
248.6215 	 254.1297 	 33.2594 
248.6250 	 244.4635 	 36.0730 
248.6285 	 243.2765 	 36.9625 
248.6319 	 252.2103 	 44.1416 
248.6354 	 249.0785 	 38.9761 
248.6389 	 240.4506 	 38.5837 
248.6424 	 228.4300 	 37.9352 
248.6458 	 224.6154 	 38.1838 
248.6493 	 222.5256 	 37.6621 
248.6528 	 215.0641 	 40.8120 
248.6563 	 210.3584 	 38.4130 
248.6597 	 205.4701 	 35.3205 
248.6632 	 192.4915 	 36.5188 
248.6667 	 194.7854 	 38.6910 
248.6701 	 196.1092 	 39.4539 
248.6736 	 192.9828 	 42.7039 
248.6771 	 197.5939 	 41.5358 
248.6806 	 205.9442 	 37.7682 
248.6840 	 198.2082 	 36.2116 
248.6875 	 192.2318 	 38.3906 
248.6910 	 190.7338 	 37.9010 
248.6944 	 185.1073 	 41.4807 
248.6979 	 185.6485 	 43.8055 
248.7014 	 181.0470 	 42.6496 
248.7049 	 177.3550 	 46.3652 
248.7083 	 178.6111 	 47.9273 
248.7118 	 163.8396 	 50.1024 
248.7153 	 155.1931 	 51.0944 
248.7188 	 150.4949 	 48.9590 
248.7222 	 140.2146 	 52.2961 
248.7257 	 150.9386 	 51.8601 
248.7292 	 156.3519 	 54.9142 
248.7326 	 130.2389 	 62.4061 
248.7361 	 141.5451 	 62.2532 
248.7396 	 149.5734 	 60.9898 
248.7431 	 133.6695 	 68.1545 
248.7465 	 152.3038 	 73.3276 
248.7500 	 167.8755 	 75.4292 
248.7535 	 177.9522 	 64.5222 
248.7569 	 174.4231 	 69.6368 
248.7604 	 163.0375 	 67.9863 
248.7639 	 158.4615 	 70.4060 
248.7674 	 159.1297 	 66.3481 
248.7708 	 173.8461 	 68.9744 
248.7743 	 168.2594 	 81.9113 
248.7778 	 168.6966 	 78.6325 
248.7813 	 165.3938 	 77.0719 
248.7847 	 168.2692 	 79.7009 
248.7882 	 172.7568 	 80.3767 
248.7917 	 190.6410 	 84.3803 
248.7951 	 210.8048 	 87.9623 
248.7986 	 200.4273 	 89.6795 
248.8021 	 232.2603 	 78.9041 
248.8056 	 285.9829 	 68.6111 
248.8090 	 412.2260 	 65.3596 
248.8125 	 417.1489 	 75.6383 
248.8160 	 488.5788 	 77.5856 
248.8194 	 495.2553 	 76.0638 
248.8229 	 487.1747 	 76.5068 
248.8264 	 421.6383 	 75.5319 
248.8299 	 388.5274 	 70.5651 
248.8333 	 401.4681 	 67.1915 
248.8368 	 382.0962 	 68.6598 
248.8403 	 381.8723 	 64.0426 
248.8438 	 372.1897 	 67.0862 
248.8472 	 340.8051 	 75.1695 
248.8507 	 325.9310 	 79.7241 
248.8542 	 316.0805 	 79.7246 
248.8576 	 292.5862 	 84.0690 
248.8611 	 271.0170 	 84.6398 
248.8646 	 257.4138 	 87.6207 
248.8681 	 251.9198 	 88.7975 
248.8715 	 254.0690 	 82.1897 
248.8750 	 250.8228 	 80.6329 
248.8785 	 244.1897 	 84.7241 
248.8819 	 237.3629 	 76.2236 
248.8854 	 247.0172 	 73.8793 
248.8889 	 251.9409 	 71.0970 
248.8924 	 247.5433 	 71.2976 
248.8958 	 258.9873 	 67.3418 
248.8993 	 255.6228 	 69.6713 
248.9028 	 250.0000 	 69.7890 
248.9063 	 267.8893 	 68.1834 
248.9097 	 275.7806 	 64.5570 
248.9132 	 289.1177 	 65.0519 
248.9167 	 293.3544 	 66.7089 
248.9201 	 309.7405 	 66.5571 
248.9236 	 311.8067 	 65.3782 
248.9271 	 309.1696 	 65.3806 
248.9306 	 311.1765 	 71.6176 
248.9340 	 318.3910 	 65.9170 
248.9375 	 320.6092 	 63.5924 
248.9410 	 319.8616 	 64.9308 
248.9444 	 330.3151 	 65.7983 
248.9479 	 339.2882 	 64.1319 
248.9514 	 354.7689 	 63.0462 
248.9549 	 355.9375 	 65.1563 
248.9583 	 353.8025 	 60.9874 
248.9618 	 370.6076 	 61.0764 
248.9653 	 373.5504 	 61.5546 
248.9688 	 381.7073 	 64.8084 
248.9722 	 385.3557 	 64.8745 
248.9757 	 395.7666 	 59.5296 
248.9792 	 400.5417 	 57.6250 
248.9826 	 411.1673 	 56.2021 
248.9861 	 400.3958 	 50.5833 
248.9896 	 416.8990 	 50.1220 
248.9931 	 414.4792 	 45.0000 
248.9965 	 422.4739 	 41.8641 
249.0000 	 438.3958 	 41.3542 
