Time-Day of Year 	 Electron flux 	 Proton flux 	 (Flux in the units of counts/sq cm.sec.sr) 
237.0035 	 188.6481 	 1.3734 
237.0069 	 188.9590 	 1.3140 
237.0104 	 192.7682 	 1.4592 
237.0139 	 198.3447 	 1.2628 
237.0174 	 198.6695 	 1.3090 
237.0208 	 207.3891 	 1.4164 
237.0243 	 200.5128 	 1.4957 
237.0278 	 200.4281 	 1.2500 
237.0313 	 211.0256 	 1.1752 
237.0347 	 198.0546 	 1.0410 
237.0382 	 189.9786 	 1.2607 
237.0417 	 212.3038 	 1.7065 
237.0451 	 223.3906 	 1.3948 
237.0486 	 217.6621 	 1.5017 
237.0521 	 218.6481 	 1.4807 
237.0556 	 217.0649 	 1.4676 
237.0590 	 219.3133 	 1.2232 
237.0625 	 214.7270 	 1.3993 
237.0660 	 219.3991 	 1.0730 
237.0694 	 229.5051 	 1.3652 
237.0729 	 231.6738 	 1.6524 
237.0764 	 230.8362 	 1.4676 
237.0799 	 220.9402 	 1.0684 
237.0833 	 238.5495 	 1.6724 
237.0868 	 249.1880 	 1.7094 
237.0903 	 251.9113 	 1.3652 
237.0938 	 250.7051 	 1.2821 
237.0972 	 258.4642 	 1.1945 
237.1007 	 249.2060 	 1.6953 
237.1042 	 254.7611 	 1.2116 
237.1076 	 266.2017 	 1.3090 
237.1111 	 245.7850 	 1.4334 
237.1146 	 243.9056 	 1.6524 
237.1181 	 270.8021 	 1.3993 
237.1215 	 275.7296 	 1.4163 
237.1250 	 289.1126 	 1.4164 
237.1285 	 305.3433 	 1.4807 
237.1319 	 306.3993 	 1.5358 
237.1354 	 325.6624 	 1.4744 
237.1389 	 317.6621 	 1.4334 
237.1424 	 320.1923 	 1.1966 
237.1458 	 330.7679 	 1.5529 
237.1493 	 349.1453 	 1.5171 
237.1528 	 358.7201 	 1.3823 
237.1563 	 356.5086 	 1.6595 
237.1597 	 345.7679 	 1.3481 
237.1632 	 359.0772 	 1.4807 
237.1667 	 365.7509 	 1.2457 
237.1701 	 371.3519 	 1.3519 
237.1736 	 371.0068 	 1.3993 
237.1771 	 349.4206 	 1.5880 
237.1806 	 362.5427 	 1.3140 
237.1840 	 362.6609 	 1.6953 
237.1875 	 352.3549 	 1.5017 
237.1910 	 340.8761 	 1.5812 
237.1944 	 343.6689 	 1.3823 
237.1979 	 321.7521 	 1.4316 
237.2014 	 329.7099 	 1.4334 
237.2049 	 324.8069 	 1.6094 
237.2083 	 327.9864 	 1.5358 
237.2118 	 328.2618 	 1.6094 
237.2153 	 331.8601 	 1.5188 
237.2188 	 341.7597 	 1.5021 
237.2222 	 332.1672 	 1.5188 
237.2257 	 347.7897 	 1.6953 
237.2292 	 358.4471 	 1.4505 
237.2326 	 359.1416 	 1.6309 
237.2361 	 403.0205 	 1.3652 
237.2396 	 425.0215 	 1.4592 
237.2431 	 436.5358 	 1.2287 
237.2465 	 468.9744 	 1.6026 
237.2500 	 443.6348 	 1.2457 
237.2535 	 461.4103 	 1.4103 
237.2569 	 464.4369 	 1.7235 
237.2604 	 466.1966 	 1.4744 
237.2639 	 425.8021 	 1.7065 
237.2674 	 454.8927 	 1.4163 
237.2708 	 447.2696 	 1.1775 
237.2743 	 405.3648 	 1.4592 
237.2778 	 396.3481 	 1.6382 
237.2813 	 413.1331 	 1.3090 
237.2847 	 439.3857 	 1.4846 
237.2882 	 446.1207 	 1.0776 
237.2917 	 455.2901 	 1.6382 
237.2951 	 455.3433 	 1.4163 
237.2986 	 444.4198 	 1.0751 
237.3021 	 430.6410 	 1.0897 
237.3056 	 418.8396 	 1.1604 
237.3090 	 414.9145 	 1.7521 
237.3125 	 429.3686 	 1.3993 
237.3160 	 413.8034 	 1.6453 
237.3194 	 377.9181 	 1.3140 
237.3229 	 342.8326 	 1.2876 
237.3264 	 363.3106 	 1.3823 
237.3299 	 375.9657 	 1.8026 
237.3333 	 363.4300 	 1.5529 
237.3368 	 367.5966 	 1.7382 
237.3403 	 377.8157 	 1.6553 
237.3438 	 376.2661 	 1.3948 
237.3472 	 371.3140 	 1.7747 
237.3507 	 389.4850 	 1.3305 
237.3542 	 411.4164 	 1.5188 
237.3576 	 429.1667 	 1.9444 
237.3611 	 376.4505 	 1.5188 
237.3646 	 345.4060 	 1.5598 
237.3681 	 362.2014 	 2.0478 
237.3715 	 342.4359 	 1.5598 
237.3750 	 332.9864 	 2.1843 
237.3785 	 318.0901 	 1.6953 
237.3819 	 313.1570 	 1.5529 
237.3854 	 282.8970 	 1.8670 
237.3889 	 319.0102 	 1.6382 
237.3924 	 357.7897 	 1.7811 
237.3958 	 341.2116 	 1.7747 
237.3993 	 340.4077 	 1.8455 
237.4028 	 335.8191 	 2.0478 
237.4063 	 331.7735 	 1.4744 
237.4097 	 322.4915 	 1.6212 
237.4132 	 318.0128 	 2.1795 
237.4167 	 316.9007 	 1.6952 
237.4201 	 319.8504 	 1.9231 
237.4236 	 294.3174 	 1.7065 
237.4271 	 293.5897 	 2.2009 
237.4306 	 300.7167 	 1.8942 
237.4340 	 325.5365 	 1.3090 
237.4375 	 328.5324 	 1.8430 
237.4410 	 313.7124 	 2.2532 
237.4444 	 325.1707 	 1.8601 
237.4479 	 313.4120 	 1.7597 
237.4514 	 323.0205 	 1.9454 
237.4549 	 288.8627 	 1.6738 
237.4583 	 290.1707 	 2.0137 
237.4618 	 274.5940 	 1.8162 
237.4653 	 289.4539 	 2.0648 
237.4688 	 282.9273 	 1.9872 
237.4722 	 255.5631 	 1.6212 
237.4757 	 271.9231 	 2.0299 
237.4792 	 270.4608 	 1.7747 
237.4826 	 271.7094 	 1.6880 
237.4861 	 271.6212 	 1.6724 
237.4896 	 267.1368 	 1.9017 
237.4931 	 254.7603 	 1.8322 
237.4965 	 255.2778 	 1.6026 
237.5000 	 245.6164 	 1.5925 
237.5035 	 230.4487 	 1.4316 
237.5069 	 212.1918 	 1.5411 
237.5104 	 204.0385 	 1.5385 
237.5139 	 191.7979 	 1.4212 
237.5174 	 203.9149 	 1.2979 
237.5208 	 211.8664 	 1.4041 
237.5243 	 220.5106 	 1.3191 
237.5278 	 202.5685 	 1.6610 
237.5313 	 214.5106 	 1.6596 
237.5347 	 215.9589 	 1.5925 
237.5382 	 217.3830 	 1.6809 
237.5417 	 204.6233 	 1.5582 
237.5451 	 204.7021 	 1.2766 
237.5486 	 204.2069 	 1.3966 
237.5521 	 192.5212 	 1.4195 
237.5556 	 183.7759 	 1.3966 
237.5590 	 172.3093 	 1.4195 
237.5625 	 176.3276 	 1.5862 
237.5660 	 174.4492 	 1.3136 
237.5694 	 174.7759 	 1.3103 
237.5729 	 156.2236 	 1.2447 
237.5764 	 160.8793 	 1.3621 
237.5799 	 153.1646 	 1.2236 
237.5833 	 155.7241 	 1.4138 
237.5868 	 162.4262 	 1.3502 
237.5903 	 160.6897 	 1.1379 
237.5938 	 157.1308 	 1.1181 
237.5972 	 153.6552 	 1.5690 
237.6007 	 157.3418 	 1.3080 
237.6042 	 153.8754 	 1.3841 
237.6076 	 157.7004 	 1.1181 
237.6111 	 155.8477 	 1.6436 
237.6146 	 146.0971 	 1.8143 
237.6181 	 138.3564 	 1.6955 
237.6215 	 132.5949 	 1.1603 
237.6250 	 146.3149 	 1.0900 
237.6285 	 138.9076 	 1.4286 
237.6319 	 139.1350 	 1.1765 
237.6354 	 136.8698 	 1.2395 
237.6389 	 126.8512 	 1.2630 
237.6424 	 118.3403 	 1.0294 
237.6458 	 120.2422 	 1.2457 
237.6493 	 129.4958 	 1.3445 
237.6528 	 138.2118 	 1.3021 
237.6563 	 134.3067 	 1.3445 
237.6597 	 133.0903 	 1.1458 
237.6632 	 132.7521 	 1.0084 
237.6667 	 132.0139 	 1.1806 
237.6701 	 120.5672 	 1.4706 
237.6736 	 95.3659 	 1.0976 
237.6771 	 88.6192 	 0.8159 
237.6806 	 97.7526 	 1.0801 
237.6840 	 100.2917 	 1.1667 
237.6875 	 100.1045 	 1.2195 
237.6910 	 98.8750 	 1.1667 
237.6944 	 108.3972 	 1.1847 
237.6979 	 116.4167 	 1.3958 
237.7014 	 117.3868 	 1.1324 
237.7049 	 109.0208 	 1.0000 
237.7083 	 87.4476 	 1.3636 
237.7118 	 87.5208 	 1.0417 
237.7153 	 99.9476 	 1.2063 
237.7188 	 104.1250 	 1.3542 
237.7222 	 106.6084 	 1.0839 
237.7257 	 109.6250 	 1.3333 
237.7292 	 114.3007 	 1.2937 
237.7326 	 114.5625 	 1.4167 
237.7361 	 111.4860 	 1.3287 
237.7396 	 112.5934 	 1.1411 
237.7431 	 124.5105 	 1.0490 
237.7465 	 129.2946 	 1.3485 
237.7500 	 130.8741 	 1.3811 
237.7535 	 124.6680 	 1.2656 
237.7569 	 125.9965 	 0.8916 
237.7604 	 127.7593 	 1.1618 
237.7639 	 124.6667 	 1.1053 
237.7674 	 121.2033 	 0.7884 
237.7708 	 119.6140 	 1.2982 
237.7743 	 124.4398 	 1.3071 
237.7778 	 120.4210 	 0.9825 
237.7813 	 122.3444 	 1.3071 
237.7847 	 125.0000 	 1.0351 
237.7882 	 127.7178 	 1.0166 
237.7917 	 140.8947 	 1.4561 
237.7951 	 144.4835 	 1.2397 
237.7986 	 148.3803 	 1.3556 
237.8021 	 151.0082 	 1.2963 
237.8056 	 144.6303 	 1.2676 
237.8090 	 150.6996 	 1.3374 
237.8125 	 150.5810 	 1.2500 
237.8160 	 152.6132 	 1.3580 
237.8194 	 154.8233 	 1.6078 
237.8229 	 154.7942 	 1.3992 
237.8264 	 148.0742 	 1.1484 
237.8299 	 151.4609 	 1.4198 
237.8333 	 153.6749 	 1.1307 
237.8368 	 164.1564 	 1.3786 
237.8403 	 171.0777 	 1.4488 
237.8438 	 180.2263 	 1.1523 
237.8472 	 176.4311 	 1.6078 
237.8507 	 177.8689 	 1.3730 
237.8542 	 176.1131 	 1.4311 
237.8576 	 165.0000 	 1.3730 
237.8611 	 169.3640 	 1.5901 
237.8646 	 170.3279 	 1.1270 
237.8681 	 165.7067 	 1.2014 
237.8715 	 177.8484 	 1.5574 
237.8750 	 182.2163 	 1.2943 
237.8785 	 187.9918 	 1.3934 
237.8819 	 189.6631 	 1.4539 
237.8854 	 189.2828 	 1.3730 
237.8889 	 194.5035 	 1.4184 
237.8924 	 189.7131 	 1.3730 
237.8958 	 207.5887 	 1.4539 
237.8993 	 211.0861 	 1.4139 
237.9028 	 223.8653 	 1.1879 
237.9063 	 231.5306 	 1.4082 
237.9097 	 244.0714 	 1.0536 
237.9132 	 250.7143 	 1.2449 
237.9167 	 248.4574 	 1.2766 
237.9201 	 257.4694 	 1.5306 
237.9236 	 269.0248 	 1.5957 
237.9271 	 260.1225 	 1.5714 
237.9306 	 274.9464 	 1.6607 
237.9340 	 301.6870 	 1.6260 
237.9375 	 323.7679 	 1.6964 
237.9410 	 321.7683 	 1.4228 
237.9444 	 319.5000 	 1.5893 
237.9479 	 321.2602 	 1.7480 
237.9514 	 334.7321 	 1.5714 
237.9549 	 336.4024 	 1.5650 
237.9583 	 352.1786 	 1.4464 
237.9618 	 261.4373 	 1.1336 
237.9653 	 248.3929 	 1.3571 
237.9688 	 251.9231 	 0.8300 
237.9722 	 254.8571 	 0.8571 
237.9757 	 269.4737 	 0.9919 
237.9792 	 289.9643 	 1.1429 
237.9826 	 295.1215 	 1.1336 
237.9861 	 284.9821 	 1.0753 
237.9896 	 298.0567 	 1.3968 
237.9931 	 297.9570 	 1.0753 
237.9965 	 296.2753 	 1.1538 
238.0000 	 314.5324 	 1.2950 
