Time-Day of Year 	 Electron flux 	 Proton flux 	 (Flux in the units of counts/sq cm.sec.sr) 
152.0035 	 17.8419 	 1.2821 
152.0069 	 16.7065 	 1.3481 
152.0104 	 14.5085 	 1.3034 
152.0139 	 13.5274 	 1.3699 
152.0174 	 13.1624 	 1.2607 
152.0208 	 12.6451 	 1.6724 
152.0243 	 12.8755 	 1.4163 
152.0278 	 12.0307 	 1.1945 
152.0313 	 11.6524 	 1.2017 
152.0347 	 11.1945 	 1.2116 
152.0382 	 12.3176 	 1.2661 
152.0417 	 17.0990 	 1.4846 
152.0451 	 23.2403 	 1.4592 
152.0486 	 19.1638 	 1.2457 
152.0521 	 19.6781 	 1.4807 
152.0556 	 18.7713 	 1.5188 
152.0590 	 18.0983 	 1.3889 
152.0625 	 17.6451 	 1.3823 
152.0660 	 15.5556 	 1.6026 
152.0694 	 17.7986 	 1.0580 
152.0729 	 39.8291 	 1.8162 
152.0764 	 44.4198 	 1.6894 
152.0799 	 33.7124 	 1.8240 
152.0833 	 33.2594 	 1.5700 
152.0868 	 33.4549 	 1.4378 
152.0903 	 36.0751 	 1.7406 
152.0938 	 38.7339 	 1.8670 
152.0972 	 36.3993 	 1.9283 
152.1007 	 35.2575 	 1.9099 
152.1042 	 37.6792 	 1.8089 
152.1076 	 41.5880 	 1.4807 
152.1111 	 42.8840 	 1.8771 
152.1146 	 39.2521 	 1.9231 
152.1181 	 40.2901 	 1.7406 
152.1215 	 40.6410 	 1.3248 
152.1250 	 35.8020 	 1.1263 
152.1285 	 36.2179 	 1.8590 
152.1319 	 35.8532 	 1.5870 
152.1354 	 36.5302 	 1.8750 
152.1389 	 37.3720 	 1.9625 
152.1424 	 36.3305 	 1.6953 
152.1458 	 34.0273 	 1.7577 
152.1493 	 31.1803 	 1.5665 
152.1528 	 28.1741 	 1.6212 
152.1563 	 27.5966 	 1.7167 
152.1597 	 23.5154 	 1.3652 
152.1632 	 27.4034 	 1.7597 
152.1667 	 29.0785 	 1.4846 
152.1701 	 31.8590 	 1.6667 
152.1736 	 29.2833 	 1.5529 
152.1771 	 28.4615 	 1.6667 
152.1806 	 29.1809 	 1.2969 
152.1840 	 29.2308 	 1.3248 
152.1875 	 27.4232 	 1.2287 
152.1910 	 28.5837 	 1.7811 
152.1944 	 29.5563 	 1.3140 
152.1979 	 32.1245 	 1.6094 
152.2014 	 33.7372 	 1.6041 
152.2049 	 40.7940 	 1.6953 
152.2083 	 50.7850 	 1.7065 
152.2118 	 59.7639 	 1.9099 
152.2153 	 78.9078 	 1.9966 
152.2188 	 109.0129 	 2.3176 
152.2222 	 145.4437 	 1.9966 
152.2257 	 180.4060 	 2.2863 
152.2292 	 193.6348 	 2.2696 
152.2326 	 194.5086 	 2.0513 
152.2361 	 208.5495 	 2.1160 
152.2396 	 226.0470 	 2.4573 
152.2431 	 224.8123 	 2.0819 
152.2465 	 235.1073 	 2.0601 
152.2500 	 258.2594 	 1.8601 
152.2535 	 264.5279 	 2.2103 
152.2569 	 276.1986 	 1.9349 
152.2604 	 291.6094 	 2.1030 
152.2639 	 297.9864 	 1.9625 
152.2674 	 327.5966 	 1.8240 
152.2708 	 331.2799 	 1.8430 
152.2743 	 329.2275 	 2.2103 
152.2778 	 322.5256 	 2.0307 
152.2813 	 328.3120 	 2.3291 
152.2847 	 289.5563 	 1.8771 
152.2882 	 285.7692 	 1.9872 
152.2917 	 279.8464 	 1.8259 
152.2951 	 273.9103 	 1.7521 
152.2986 	 233.6007 	 1.9283 
152.3021 	 260.4721 	 2.1674 
152.3056 	 211.7235 	 1.6724 
152.3090 	 179.3562 	 1.8884 
152.3125 	 146.0751 	 1.7406 
152.3160 	 145.3004 	 1.9528 
152.3194 	 138.5495 	 1.7577 
152.3229 	 109.9356 	 1.4592 
152.3264 	 99.3857 	 1.4846 
152.3299 	 102.9614 	 1.4807 
152.3333 	 103.3447 	 1.3140 
152.3368 	 111.2393 	 1.7308 
152.3403 	 156.1604 	 1.5529 
152.3438 	 201.3675 	 1.8162 
152.3472 	 236.6723 	 2.1843 
152.3507 	 217.5855 	 1.8376 
152.3542 	 194.1297 	 1.9113 
152.3576 	 243.1410 	 2.2436 
152.3611 	 205.5973 	 1.9625 
152.3646 	 230.4936 	 1.9957 
152.3681 	 237.8157 	 1.7747 
152.3715 	 258.7339 	 1.9099 
152.3750 	 251.0239 	 1.7747 
152.3785 	 237.4678 	 2.2103 
152.3819 	 253.8014 	 1.9178 
152.3854 	 255.8798 	 1.8455 
152.3889 	 281.8771 	 2.0990 
152.3924 	 217.0086 	 1.7735 
152.3958 	 201.9795 	 1.6724 
152.3993 	 185.2778 	 1.7308 
152.4028 	 178.8225 	 1.5700 
152.4063 	 168.5470 	 1.7521 
152.4097 	 155.7679 	 1.3823 
152.4132 	 144.0598 	 1.4530 
152.4167 	 122.9351 	 1.4505 
152.4201 	 66.3949 	 1.0515 
152.4236 	 61.7577 	 1.6041 
152.4271 	 95.6867 	 1.3948 
152.4306 	 143.2253 	 1.6724 
152.4340 	 149.6352 	 1.8670 
152.4375 	 231.1092 	 1.8601 
152.4410 	 270.9657 	 1.8670 
152.4444 	 317.6451 	 1.9795 
152.4479 	 365.0427 	 2.2436 
152.4514 	 378.8908 	 2.0137 
152.4549 	 433.4188 	 2.4786 
152.4583 	 376.5700 	 1.8430 
152.4618 	 362.0086 	 2.2222 
152.4653 	 387.8157 	 2.1672 
152.4688 	 373.0342 	 1.9231 
152.4722 	 356.7406 	 2.0137 
152.4757 	 348.6266 	 2.2103 
152.4792 	 360.6485 	 2.1672 
152.4826 	 390.7081 	 1.7597 
152.4861 	 364.5563 	 2.0990 
152.4896 	 393.3691 	 1.5451 
152.4931 	 354.9488 	 1.8771 
152.4965 	 396.1803 	 1.9742 
152.5000 	 411.3311 	 1.9283 
152.5035 	 383.6422 	 1.3578 
152.5069 	 319.5392 	 2.0478 
152.5104 	 297.1795 	 1.4530 
152.5139 	 284.1809 	 2.1502 
152.5174 	 261.0897 	 1.6880 
152.5208 	 267.1672 	 1.8430 
152.5243 	 274.4017 	 1.8590 
152.5278 	 238.2253 	 1.6724 
152.5313 	 228.7124 	 1.7811 
152.5347 	 213.6007 	 1.4846 
152.5382 	 152.6395 	 1.8670 
152.5417 	 147.1160 	 1.6382 
152.5451 	 126.9743 	 1.3519 
152.5486 	 22.4403 	 1.0580 
152.5521 	 23.3262 	 0.8584 
152.5556 	 23.3618 	 1.0410 
152.5590 	 28.0258 	 1.0944 
152.5625 	 27.0307 	 1.0751 
152.5660 	 33.4188 	 1.2393 
152.5694 	 56.2116 	 1.6212 
152.5729 	 80.1709 	 1.7308 
152.5764 	 119.4881 	 1.8259 
152.5799 	 159.2949 	 1.9444 
152.5833 	 178.7201 	 1.9625 
152.5868 	 141.3519 	 1.7811 
152.5903 	 105.8874 	 1.8430 
152.5938 	 88.5622 	 1.6094 
152.5972 	 97.3720 	 1.7747 
152.6007 	 103.0901 	 1.4807 
152.6042 	 157.2014 	 1.5017 
152.6076 	 147.8970 	 1.7167 
152.6111 	 115.1365 	 1.7235 
152.6146 	 130.4936 	 1.4378 
152.6181 	 137.5939 	 1.7235 
152.6215 	 126.3461 	 1.6026 
152.6250 	 116.9113 	 1.6894 
152.6285 	 132.5107 	 1.5021 
152.6319 	 131.3311 	 1.5870 
152.6354 	 100.1496 	 1.5812 
152.6389 	 93.9420 	 1.2457 
152.6424 	 86.7167 	 1.1588 
152.6458 	 79.3345 	 1.4164 
152.6493 	 65.3004 	 0.9442 
152.6528 	 55.0512 	 1.3311 
152.6563 	 58.9270 	 1.3948 
152.6597 	 28.3618 	 1.0068 
152.6632 	 22.8326 	 0.9871 
152.6667 	 62.2184 	 1.4334 
152.6701 	 157.1459 	 1.5236 
152.6736 	 54.9147 	 1.2969 
152.6771 	 50.5983 	 1.3462 
152.6806 	 54.2491 	 1.2116 
152.6840 	 57.7991 	 1.3675 
152.6875 	 76.1604 	 1.2799 
152.6910 	 82.9060 	 1.1966 
152.6944 	 103.8737 	 1.6553 
152.6979 	 132.5537 	 1.4807 
152.7014 	 139.7099 	 1.4676 
152.7049 	 143.7124 	 1.6738 
152.7083 	 179.1297 	 1.9966 
152.7118 	 180.3648 	 1.5021 
152.7153 	 185.8362 	 1.8430 
152.7188 	 194.2489 	 1.7382 
152.7222 	 181.9795 	 1.7747 
152.7257 	 157.4678 	 1.1803 
152.7292 	 127.5427 	 1.7918 
152.7326 	 119.5299 	 1.3675 
152.7361 	 130.6655 	 1.6894 
152.7396 	 146.1111 	 1.5385 
152.7431 	 137.3208 	 1.6382 
152.7465 	 140.9402 	 1.3889 
152.7500 	 128.4247 	 1.7295 
152.7535 	 119.4635 	 1.6309 
152.7569 	 107.9522 	 1.4334 
152.7604 	 101.2017 	 1.1803 
152.7639 	 99.0785 	 1.2969 
152.7674 	 93.1330 	 1.5451 
152.7708 	 101.9966 	 1.5188 
152.7743 	 101.3090 	 1.5021 
152.7778 	 96.6212 	 1.5017 
152.7813 	 94.5708 	 1.6524 
152.7847 	 88.3276 	 1.4505 
152.7882 	 87.0940 	 1.3034 
152.7917 	 82.6621 	 1.5017 
152.7951 	 90.1923 	 1.2607 
152.7986 	 88.9249 	 1.3481 
152.8021 	 86.2179 	 1.6453 
152.8056 	 83.1741 	 1.3823 
152.8090 	 80.0429 	 1.6309 
152.8125 	 76.5529 	 1.3311 
152.8160 	 81.3305 	 1.2232 
152.8194 	 81.0410 	 1.5017 
152.8229 	 75.0429 	 1.2446 
152.8264 	 66.9454 	 1.1604 
152.8299 	 76.7597 	 1.4163 
152.8333 	 87.9181 	 1.4164 
152.8368 	 114.0129 	 1.6738 
152.8403 	 120.6997 	 1.3481 
152.8438 	 120.2137 	 1.3675 
152.8472 	 126.9966 	 1.3823 
152.8507 	 140.8974 	 1.8376 
152.8542 	 132.3038 	 1.3481 
152.8576 	 137.6282 	 1.3248 
152.8611 	 135.6314 	 1.2969 
152.8646 	 150.2575 	 1.6094 
152.8681 	 174.6758 	 1.7065 
152.8715 	 182.8326 	 1.3090 
152.8750 	 197.9966 	 1.5925 
152.8785 	 215.4936 	 1.6738 
152.8819 	 283.8908 	 2.0307 
152.8854 	 338.4549 	 2.3820 
152.8889 	 316.4846 	 1.4164 
152.8924 	 348.1974 	 1.9528 
152.8958 	 369.2150 	 1.8942 
152.8993 	 399.4872 	 1.8162 
152.9028 	 413.9249 	 1.7918 
152.9063 	 408.3761 	 2.0299 
152.9097 	 441.5700 	 2.0478 
152.9132 	 454.4444 	 1.5171 
152.9167 	 418.6519 	 2.2184 
152.9201 	 412.0172 	 2.1030 
152.9236 	 406.4505 	 1.4846 
152.9271 	 397.6824 	 2.0172 
152.9306 	 345.5631 	 1.7235 
152.9340 	 317.5751 	 1.8455 
152.9375 	 321.2457 	 1.8089 
152.9410 	 307.2532 	 1.8884 
152.9444 	 293.3447 	 1.6894 
152.9479 	 282.3391 	 1.5880 
152.9514 	 273.4471 	 1.5017 
152.9549 	 278.0342 	 1.6880 
152.9583 	 300.4608 	 1.6041 
152.9618 	 296.7735 	 1.4744 
152.9653 	 276.6894 	 1.7065 
152.9688 	 281.4103 	 1.4103 
152.9722 	 283.3959 	 1.5870 
152.9757 	 252.2747 	 1.8026 
152.9792 	 256.2969 	 1.4505 
152.9826 	 247.2318 	 1.8026 
152.9861 	 236.7747 	 1.6041 
152.9896 	 220.4077 	 1.6309 
152.9931 	 204.3857 	 1.5870 
152.9965 	 202.8664 	 1.0345 
153.0000 	 193.2082 	 1.7577 
