Time-Day of Year 	 Electron flux 	 Proton flux 	 (Flux in the units of counts/sq cm.sec.sr) 
71.0035 	 18.5666 	 0.8874 
71.0069 	 20.3648 	 1.3305 
71.0104 	 19.0785 	 0.8362 
71.0139 	 18.1974 	 1.0086 
71.0174 	 18.5666 	 1.0922 
71.0208 	 18.5193 	 0.6438 
71.0243 	 17.9522 	 1.2116 
71.0278 	 19.2094 	 0.9615 
71.0313 	 19.3857 	 0.9386 
71.0347 	 19.3590 	 0.9402 
71.0382 	 19.2150 	 0.9044 
71.0417 	 20.0214 	 1.1752 
71.0451 	 20.3584 	 1.2287 
71.0486 	 22.0085 	 1.1538 
71.0521 	 21.3699 	 1.1473 
71.0556 	 21.4378 	 1.0944 
71.0590 	 20.1195 	 1.0239 
71.0625 	 21.6738 	 0.8798 
71.0660 	 19.6075 	 1.0580 
71.0694 	 22.3605 	 0.7725 
71.0729 	 23.5324 	 0.9727 
71.0764 	 21.8026 	 1.0515 
71.0799 	 20.9386 	 0.9044 
71.0833 	 23.1197 	 1.0256 
71.0868 	 22.5427 	 0.7850 
71.0903 	 22.0299 	 1.1966 
71.0938 	 23.3788 	 0.8362 
71.0972 	 23.7821 	 0.8761 
71.1007 	 22.1672 	 0.6826 
71.1042 	 21.9444 	 0.9615 
71.1076 	 23.8567 	 0.6655 
71.1111 	 24.5494 	 1.1159 
71.1146 	 23.3106 	 1.0068 
71.1181 	 23.6051 	 0.7296 
71.1215 	 24.3857 	 0.9898 
71.1250 	 26.1373 	 1.2876 
71.1285 	 24.6075 	 0.9556 
71.1319 	 27.4893 	 0.9442 
71.1354 	 26.7406 	 1.0068 
71.1389 	 26.8162 	 0.9402 
71.1424 	 28.2423 	 1.1092 
71.1458 	 27.7137 	 1.0897 
71.1493 	 26.7235 	 1.2116 
71.1528 	 26.6453 	 1.0043 
71.1563 	 27.8157 	 0.8703 
71.1597 	 30.2575 	 1.2661 
71.1632 	 27.6621 	 1.1092 
71.1667 	 30.5150 	 0.8584 
71.1701 	 31.2457 	 1.1433 
71.1736 	 30.7940 	 1.1588 
71.1771 	 30.5479 	 1.0103 
71.1806 	 30.1288 	 0.9871 
71.1840 	 31.1092 	 1.0068 
71.1875 	 30.4936 	 0.8369 
71.1910 	 30.4778 	 0.9727 
71.1944 	 31.6453 	 0.9402 
71.1979 	 32.2867 	 1.0068 
71.2014 	 31.6667 	 1.1111 
71.2049 	 33.7543 	 1.1433 
71.2083 	 34.5085 	 1.0897 
71.2118 	 35.4778 	 1.2628 
71.2153 	 36.4807 	 1.0730 
71.2188 	 38.5666 	 0.8874 
71.2222 	 35.7296 	 0.8798 
71.2257 	 32.5939 	 0.8020 
71.2292 	 34.2704 	 1.1159 
71.2326 	 35.0000 	 0.9044 
71.2361 	 32.6395 	 0.7082 
71.2396 	 35.4778 	 0.8874 
71.2431 	 35.6223 	 1.0086 
71.2465 	 35.5973 	 0.9727 
71.2500 	 33.7393 	 0.9188 
71.2535 	 35.5461 	 0.7509 
71.2569 	 40.6197 	 0.8761 
71.2604 	 37.8840 	 0.9044 
71.2639 	 40.3846 	 1.0470 
71.2674 	 42.3891 	 0.8532 
71.2708 	 43.2403 	 1.0944 
71.2743 	 39.7782 	 1.1433 
71.2778 	 41.7382 	 0.8798 
71.2813 	 43.4471 	 1.1604 
71.2847 	 44.3133 	 0.8369 
71.2882 	 42.8840 	 1.0922 
71.2917 	 44.7639 	 1.1803 
71.2951 	 47.3549 	 0.9386 
71.2986 	 46.9957 	 0.8155 
71.3021 	 43.4589 	 1.2329 
71.3056 	 47.9273 	 1.1966 
71.3090 	 48.2935 	 1.2799 
71.3125 	 47.7350 	 0.8120 
71.3160 	 50.1024 	 0.9215 
71.3194 	 49.6368 	 1.0043 
71.3229 	 49.8635 	 0.9215 
71.3264 	 51.2876 	 0.9657 
71.3299 	 44.8464 	 1.2116 
71.3333 	 46.2876 	 0.9871 
71.3368 	 48.4300 	 1.2799 
71.3403 	 51.2232 	 1.3090 
71.3438 	 48.9590 	 1.0068 
71.3472 	 51.3090 	 1.0730 
71.3507 	 49.4198 	 1.2116 
71.3542 	 49.4206 	 0.9871 
71.3576 	 49.2662 	 1.1775 
71.3611 	 47.8205 	 0.9188 
71.3646 	 51.4505 	 0.9727 
71.3681 	 47.6709 	 0.8333 
71.3715 	 49.1297 	 0.9044 
71.3750 	 49.6795 	 0.8120 
71.3785 	 49.1468 	 1.0580 
71.3819 	 49.4850 	 1.1588 
71.3854 	 47.4744 	 1.0580 
71.3889 	 48.0687 	 0.9442 
71.3924 	 47.3208 	 1.1945 
71.3958 	 52.3820 	 0.9442 
71.3993 	 49.7782 	 0.9386 
71.4028 	 48.7983 	 0.9871 
71.4063 	 53.9420 	 1.0068 
71.4097 	 52.5107 	 1.2232 
71.4132 	 55.0171 	 0.9215 
71.4167 	 53.1838 	 0.7265 
71.4201 	 51.7747 	 1.2457 
71.4236 	 48.5897 	 0.9615 
71.4271 	 49.8459 	 0.9589 
71.4306 	 50.1282 	 1.0897 
71.4340 	 45.3413 	 1.3140 
71.4375 	 46.7597 	 0.8584 
71.4410 	 46.2457 	 0.8532 
71.4444 	 44.9142 	 0.9657 
71.4479 	 38.7201 	 0.9898 
71.4514 	 39.2489 	 0.9013 
71.4549 	 40.0000 	 0.8874 
71.4583 	 40.6652 	 1.2876 
71.4618 	 40.8362 	 0.9556 
71.4653 	 41.5236 	 1.0515 
71.4688 	 42.2184 	 0.8020 
71.4722 	 42.6282 	 0.9402 
71.4757 	 44.1126 	 1.0410 
71.4792 	 38.3120 	 1.0043 
71.4826 	 45.4096 	 1.1263 
71.4861 	 48.6538 	 1.1111 
71.4896 	 47.8328 	 0.9898 
71.4931 	 43.7339 	 0.9227 
71.4965 	 44.8805 	 1.0410 
71.5000 	 35.5794 	 0.8798 
71.5035 	 41.9113 	 1.1604 
71.5069 	 43.3476 	 1.1588 
71.5104 	 39.2491 	 0.9727 
71.5139 	 38.9700 	 0.9442 
71.5174 	 38.3276 	 1.0239 
71.5208 	 37.0601 	 1.0086 
71.5243 	 38.3959 	 1.2628 
71.5278 	 38.3761 	 0.9615 
71.5313 	 40.2560 	 1.0751 
71.5347 	 39.8291 	 1.0043 
71.5382 	 43.2765 	 1.0751 
71.5417 	 40.2564 	 0.9829 
71.5451 	 38.7713 	 1.1263 
71.5486 	 42.1459 	 1.0944 
71.5521 	 39.4539 	 1.0751 
71.5556 	 34.9353 	 0.9052 
71.5590 	 35.1706 	 0.7338 
71.5625 	 34.1416 	 0.6652 
71.5660 	 35.2901 	 0.9727 
71.5694 	 37.4893 	 1.1159 
71.5729 	 33.3276 	 1.0580 
71.5764 	 31.7382 	 1.0944 
71.5799 	 32.6280 	 0.9044 
71.5833 	 30.5342 	 1.0043 
71.5868 	 29.0614 	 1.0922 
71.5903 	 31.5812 	 0.9615 
71.5938 	 30.9727 	 1.0239 
71.5972 	 28.3761 	 0.8120 
71.6007 	 29.7270 	 1.0410 
71.6042 	 29.4635 	 1.0515 
71.6076 	 26.5529 	 1.0410 
71.6111 	 24.9785 	 0.9657 
71.6146 	 26.5870 	 1.0751 
71.6181 	 24.0343 	 1.1803 
71.6215 	 25.4096 	 0.9215 
71.6250 	 24.1631 	 0.9227 
71.6285 	 25.2218 	 1.0580 
71.6319 	 24.0558 	 1.0944 
71.6354 	 22.0137 	 1.0751 
71.6389 	 21.2607 	 0.8333 
71.6424 	 21.6724 	 1.1945 
71.6458 	 19.4444 	 0.9402 
71.6493 	 17.3038 	 1.0751 
71.6528 	 18.7821 	 0.8547 
71.6563 	 19.3003 	 1.0068 
71.6597 	 18.5837 	 0.9871 
71.6632 	 17.2355 	 1.0068 
71.6667 	 16.4592 	 0.9657 
71.6701 	 16.1433 	 1.0239 
71.6736 	 15.4936 	 1.0944 
71.6771 	 16.4846 	 1.0068 
71.6806 	 17.4784 	 0.9698 
71.6840 	 15.9386 	 0.9727 
71.6875 	 17.1245 	 0.9442 
71.6910 	 16.3311 	 0.8874 
71.6944 	 14.6154 	 0.7479 
71.6979 	 15.5461 	 0.9044 
71.7014 	 16.3889 	 1.0897 
71.7049 	 16.3481 	 0.9898 
71.7083 	 15.1923 	 0.8761 
71.7118 	 15.8191 	 0.8532 
71.7153 	 14.1631 	 1.0944 
71.7188 	 14.2321 	 0.9044 
71.7222 	 15.2361 	 1.0300 
71.7257 	 14.2833 	 0.9386 
71.7292 	 13.2403 	 0.7296 
71.7326 	 13.8225 	 0.7850 
71.7361 	 14.1845 	 0.9227 
71.7396 	 13.8567 	 1.1433 
71.7431 	 13.5408 	 1.1159 
71.7465 	 12.5597 	 0.7509 
71.7500 	 11.6239 	 0.9829 
71.7535 	 12.0819 	 0.9556 
71.7569 	 11.5812 	 0.7265 
71.7604 	 11.5529 	 0.9044 
71.7639 	 11.1966 	 0.8761 
71.7674 	 11.8430 	 1.0580 
71.7708 	 11.2661 	 1.0944 
71.7743 	 11.2799 	 0.7167 
71.7778 	 11.3734 	 0.7725 
71.7813 	 11.8771 	 0.7167 
71.7847 	 10.1502 	 0.9871 
71.7882 	 10.9215 	 0.6143 
71.7917 	 11.6094 	 0.7511 
71.7951 	 11.5700 	 0.8020 
71.7986 	 11.0730 	 0.7940 
71.8021 	 12.0990 	 0.7338 
71.8056 	 9.7425 	 0.6867 
71.8090 	 9.6928 	 0.6314 
71.8125 	 9.2094 	 0.5769 
71.8160 	 9.7611 	 0.9727 
71.8194 	 10.3419 	 0.9402 
71.8229 	 10.5290 	 0.9386 
71.8264 	 9.5708 	 1.1373 
71.8299 	 9.5051 	 0.7509 
71.8333 	 9.5279 	 0.7082 
71.8368 	 10.1195 	 0.8703 
71.8403 	 10.3863 	 0.9657 
71.8438 	 10.7338 	 0.7509 
71.8472 	 10.7511 	 0.8584 
71.8507 	 9.7440 	 0.6997 
71.8542 	 9.7650 	 0.9615 
71.8576 	 11.4676 	 0.9215 
71.8611 	 10.9402 	 0.6197 
71.8646 	 12.9863 	 0.8020 
71.8681 	 12.4145 	 0.7051 
71.8715 	 12.5939 	 0.9727 
71.8750 	 11.9872 	 0.6624 
71.8785 	 11.6212 	 1.0239 
71.8819 	 12.2961 	 0.8584 
71.8854 	 11.3993 	 0.8362 
71.8889 	 12.4249 	 0.7725 
71.8924 	 11.2457 	 0.7338 
71.8958 	 10.9013 	 0.8584 
71.8993 	 10.9215 	 0.8191 
71.9028 	 11.5880 	 0.9227 
71.9063 	 11.1433 	 1.0239 
71.9097 	 11.7521 	 0.9188 
71.9132 	 12.0990 	 0.8703 
71.9167 	 11.6239 	 0.9188 
71.9201 	 11.8942 	 0.8191 
71.9236 	 13.2479 	 0.7479 
71.9271 	 13.4130 	 1.0239 
71.9306 	 12.6180 	 0.8584 
71.9340 	 12.7645 	 0.7338 
71.9375 	 11.7597 	 1.0300 
71.9410 	 12.7986 	 0.9556 
71.9444 	 13.0472 	 0.7511 
71.9479 	 12.6109 	 0.7679 
71.9514 	 11.0086 	 0.7940 
71.9549 	 12.2696 	 0.9386 
71.9583 	 12.9614 	 0.9657 
71.9618 	 13.0205 	 0.8703 
71.9653 	 13.6111 	 0.8333 
71.9688 	 13.9590 	 1.0068 
71.9722 	 14.1880 	 0.9615 
71.9757 	 14.5222 	 0.8191 
71.9792 	 13.6538 	 0.5769 
71.9826 	 12.8669 	 0.8362 
71.9861 	 12.8632 	 0.8333 
71.9896 	 13.4983 	 0.9556 
71.9931 	 15.9657 	 0.8155 
71.9965 	 16.6724 	 0.8362 
72.0000 	 19.3750 	 1.1638 
