Time-Day of Year 	 Electron flux 	 Proton flux 	 (Flux in the units of counts/sq cm.sec.sr) 
100.0035 	 29.5299 	 1.1752 
100.0069 	 28.1741 	 1.1433 
100.0104 	 27.6824 	 0.9442 
100.0139 	 24.9317 	 1.0068 
100.0174 	 23.8412 	 0.9657 
100.0208 	 21.8771 	 1.2969 
100.0243 	 22.7897 	 1.1373 
100.0278 	 23.8225 	 1.1604 
100.0313 	 26.0515 	 1.0515 
100.0347 	 23.9249 	 1.0580 
100.0382 	 24.4206 	 1.2446 
100.0417 	 25.7167 	 0.9215 
100.0451 	 27.6282 	 1.2393 
100.0486 	 28.8737 	 1.2287 
100.0521 	 28.0769 	 1.0897 
100.0556 	 29.3857 	 1.2799 
100.0590 	 30.7051 	 1.0897 
100.0625 	 26.7065 	 0.9727 
100.0660 	 30.5365 	 1.2446 
100.0694 	 30.8532 	 1.2287 
100.0729 	 29.0558 	 1.1803 
100.0764 	 32.6792 	 1.1775 
100.0799 	 32.5107 	 0.9013 
100.0833 	 34.5563 	 1.0239 
100.0868 	 33.4764 	 1.0515 
100.0903 	 34.1952 	 1.1130 
100.0938 	 34.9356 	 1.3305 
100.0972 	 35.1024 	 1.1263 
100.1007 	 38.4615 	 1.6239 
100.1042 	 43.0034 	 1.4334 
100.1076 	 40.9402 	 1.1111 
100.1111 	 40.4949 	 1.2628 
100.1146 	 41.5385 	 1.1966 
100.1181 	 44.1126 	 1.5017 
100.1215 	 47.2222 	 1.3675 
100.1250 	 43.4471 	 1.2628 
100.1285 	 46.3734 	 1.0730 
100.1319 	 46.0921 	 1.3481 
100.1354 	 48.5837 	 1.2232 
100.1389 	 51.4505 	 1.2628 
100.1424 	 50.2575 	 1.4163 
100.1458 	 49.0614 	 1.2628 
100.1493 	 44.8927 	 1.4378 
100.1528 	 42.5939 	 1.2457 
100.1563 	 36.5812 	 1.1325 
100.1597 	 34.2662 	 1.3140 
100.1632 	 34.4872 	 1.3248 
100.1667 	 37.3720 	 1.1945 
100.1701 	 36.3889 	 1.5598 
100.1736 	 43.2082 	 1.3140 
100.1771 	 50.3419 	 1.3034 
100.1806 	 70.2218 	 1.6894 
100.1840 	 94.1631 	 1.4592 
100.1875 	 95.0000 	 1.9283 
100.1910 	 82.7897 	 1.7382 
100.1944 	 77.4061 	 1.7065 
100.1979 	 81.7167 	 1.5451 
100.2014 	 87.0990 	 1.8771 
100.2049 	 71.1373 	 1.3734 
100.2083 	 66.6267 	 1.6610 
100.2118 	 56.6524 	 1.2446 
100.2153 	 59.5563 	 1.1263 
100.2188 	 53.4829 	 1.4316 
100.2222 	 49.4198 	 1.2457 
100.2257 	 45.9188 	 1.3248 
100.2292 	 48.8567 	 1.3311 
100.2326 	 47.4573 	 1.5812 
100.2361 	 47.6962 	 1.4676 
100.2396 	 42.3391 	 1.6524 
100.2431 	 43.0205 	 1.5358 
100.2465 	 40.4292 	 1.1803 
100.2500 	 36.9625 	 1.1433 
100.2535 	 39.1631 	 1.1373 
100.2569 	 44.5563 	 1.1433 
100.2604 	 52.1245 	 1.3519 
100.2639 	 61.1945 	 1.2799 
100.2674 	 63.9914 	 1.4378 
100.2708 	 72.4744 	 1.7918 
100.2743 	 91.4316 	 1.7521 
100.2778 	 112.0478 	 2.1331 
100.2813 	 122.7564 	 1.7308 
100.2847 	 137.1843 	 2.0990 
100.2882 	 137.4359 	 1.6239 
100.2917 	 144.6246 	 1.6041 
100.2951 	 134.4635 	 1.6524 
100.2986 	 138.4130 	 1.6724 
100.3021 	 152.5322 	 2.0172 
100.3056 	 139.7099 	 1.6041 
100.3090 	 133.8627 	 1.9099 
100.3125 	 143.6689 	 1.9283 
100.3160 	 144.7210 	 1.7597 
100.3194 	 154.1126 	 1.7747 
100.3229 	 163.4120 	 2.0601 
100.3264 	 166.8089 	 2.0137 
100.3299 	 176.5665 	 1.5021 
100.3333 	 177.7474 	 1.4676 
100.3368 	 168.0556 	 1.8162 
100.3403 	 160.4096 	 1.5017 
100.3438 	 162.3291 	 1.3675 
100.3472 	 159.8635 	 1.7577 
100.3507 	 161.8026 	 1.6738 
100.3542 	 170.6826 	 1.5188 
100.3576 	 172.3176 	 1.7597 
100.3611 	 165.2389 	 1.4676 
100.3646 	 156.4807 	 1.7811 
100.3681 	 161.1092 	 1.4846 
100.3715 	 151.9099 	 1.4807 
100.3750 	 142.6109 	 1.3823 
100.3785 	 133.8197 	 1.2661 
100.3819 	 138.6519 	 1.6382 
100.3854 	 141.8376 	 1.1752 
100.3889 	 146.7235 	 1.3140 
100.3924 	 145.6624 	 1.7094 
100.3958 	 145.1365 	 1.9454 
100.3993 	 146.3034 	 1.4744 
100.4028 	 135.3072 	 1.7918 
100.4063 	 125.7296 	 1.6738 
100.4097 	 116.3481 	 1.3823 
100.4132 	 112.3605 	 1.4592 
100.4167 	 111.8259 	 1.4846 
100.4201 	 109.0558 	 1.2661 
100.4236 	 100.8020 	 1.0922 
100.4271 	 100.0644 	 1.7167 
100.4306 	 104.7099 	 1.3652 
100.4340 	 98.1116 	 1.3734 
100.4375 	 92.5085 	 1.3823 
100.4410 	 105.0641 	 1.1111 
100.4444 	 112.6451 	 1.5017 
100.4479 	 117.2009 	 1.6453 
100.4514 	 120.6164 	 1.3014 
100.4549 	 121.4316 	 1.4744 
100.4583 	 120.5290 	 1.4676 
100.4618 	 110.7511 	 1.5021 
100.4653 	 105.6655 	 1.2969 
100.4688 	 102.8112 	 1.0944 
100.4722 	 96.8771 	 1.3823 
100.4757 	 85.0000 	 1.4592 
100.4792 	 89.6928 	 1.1775 
100.4826 	 86.4163 	 1.2446 
100.4861 	 89.1980 	 1.3993 
100.4896 	 92.8326 	 1.0730 
100.4931 	 99.1126 	 1.3993 
100.4965 	 93.5256 	 1.2607 
100.5000 	 91.8601 	 1.1604 
100.5035 	 92.8205 	 1.5385 
100.5069 	 77.5427 	 1.1945 
100.5104 	 76.1538 	 1.3675 
100.5139 	 75.4949 	 1.1092 
100.5174 	 73.7554 	 1.3090 
100.5208 	 71.0922 	 1.0751 
100.5243 	 66.4592 	 1.2876 
100.5278 	 65.6655 	 1.2116 
100.5313 	 52.8326 	 1.3519 
100.5347 	 44.1980 	 1.2799 
100.5382 	 55.5794 	 1.5236 
100.5417 	 51.5870 	 0.9215 
100.5451 	 78.0043 	 1.2232 
100.5486 	 70.6143 	 1.2116 
100.5521 	 76.6667 	 1.3889 
100.5556 	 62.5939 	 1.2969 
100.5590 	 65.7906 	 1.0684 
100.5625 	 56.0068 	 1.2287 
100.5660 	 40.8333 	 0.7265 
100.5694 	 42.3208 	 1.1604 
100.5729 	 34.6368 	 1.0684 
100.5764 	 26.9349 	 0.9247 
100.5799 	 19.4850 	 0.7082 
100.5833 	 23.3447 	 0.8532 
100.5868 	 14.6567 	 0.8584 
100.5903 	 17.9522 	 0.8703 
100.5938 	 17.3391 	 0.7082 
100.5972 	 32.3379 	 1.0410 
100.6007 	 12.3176 	 0.7082 
100.6042 	 11.7918 	 0.8874 
100.6076 	 13.8034 	 0.7265 
100.6111 	 9.7270 	 0.6143 
100.6146 	 12.2650 	 0.7265 
100.6181 	 15.2389 	 0.6826 
100.6215 	 11.0684 	 0.8974 
100.6250 	 7.5939 	 0.6655 
100.6285 	 7.8419 	 0.6197 
100.6319 	 7.2526 	 0.5461 
100.6354 	 7.9828 	 0.9871 
100.6389 	 7.1843 	 0.6143 
100.6424 	 7.6609 	 0.7940 
100.6458 	 7.3379 	 0.5461 
100.6493 	 7.2103 	 0.7082 
100.6528 	 7.3038 	 0.7679 
100.6563 	 4.9356 	 0.3433 
100.6597 	 4.6246 	 0.7850 
100.6632 	 4.8504 	 0.4915 
100.6667 	 5.3925 	 0.6655 
100.6701 	 8.6966 	 0.5983 
100.6736 	 11.5358 	 0.8191 
100.6771 	 12.4573 	 0.4701 
100.6806 	 10.1365 	 0.8703 
100.6840 	 12.5641 	 0.5769 
100.6875 	 11.1945 	 0.8020 
100.6910 	 15.2361 	 0.9657 
100.6944 	 10.6143 	 0.7338 
100.6979 	 17.7586 	 0.6681 
100.7014 	 24.6587 	 0.9727 
100.7049 	 23.8841 	 1.0300 
100.7083 	 20.1195 	 0.9727 
100.7118 	 13.2618 	 0.9227 
100.7153 	 15.5119 	 1.1263 
100.7188 	 22.8846 	 1.0256 
100.7222 	 19.6246 	 0.9044 
100.7257 	 19.1026 	 0.8974 
100.7292 	 20.4266 	 1.0922 
100.7326 	 22.2009 	 0.9402 
100.7361 	 23.1741 	 1.0410 
100.7396 	 19.5085 	 1.1325 
100.7431 	 21.5870 	 1.0239 
100.7465 	 22.8112 	 0.8369 
100.7500 	 23.1058 	 1.0410 
100.7535 	 19.5279 	 1.1588 
100.7569 	 18.3618 	 0.9215 
100.7604 	 20.8584 	 1.0515 
100.7639 	 18.8055 	 0.7850 
100.7674 	 15.1717 	 0.7296 
100.7708 	 13.5836 	 0.8532 
100.7743 	 10.2991 	 0.7479 
100.7778 	 11.9625 	 0.9556 
100.7813 	 11.4744 	 0.6197 
100.7847 	 10.3925 	 0.5631 
100.7882 	 10.5769 	 0.5556 
100.7917 	 11.0922 	 0.7850 
100.7951 	 12.2436 	 0.7906 
100.7986 	 13.0546 	 0.9898 
100.8021 	 12.3605 	 1.1588 
100.8056 	 11.5700 	 0.7679 
100.8090 	 10.7940 	 0.6438 
100.8125 	 9.8294 	 0.8191 
100.8160 	 11.6524 	 0.7511 
100.8194 	 11.2500 	 0.9589 
100.8229 	 12.5966 	 0.9013 
100.8264 	 13.0887 	 0.6997 
100.8299 	 12.4573 	 1.0256 
100.8333 	 10.5119 	 0.8191 
100.8368 	 10.4701 	 0.7692 
100.8403 	 9.1638 	 0.6826 
100.8438 	 9.4872 	 0.5769 
100.8472 	 9.9488 	 0.5631 
100.8507 	 13.2051 	 0.9188 
100.8542 	 19.0102 	 0.9556 
100.8576 	 15.2361 	 0.7296 
100.8611 	 15.2730 	 0.7167 
100.8646 	 11.0730 	 0.6223 
100.8681 	 10.2218 	 0.6997 
100.8715 	 10.0858 	 0.7511 
100.8750 	 18.9420 	 0.8532 
100.8785 	 160.6652 	 1.7382 
100.8819 	 184.1126 	 2.2696 
100.8854 	 126.0684 	 1.9658 
100.8889 	 122.3208 	 2.2184 
100.8924 	 166.8162 	 1.9658 
100.8958 	 166.3652 	 1.8089 
100.8993 	 167.1368 	 1.7949 
100.9028 	 159.9659 	 1.7747 
100.9063 	 143.0342 	 1.7521 
100.9097 	 158.1399 	 2.1502 
100.9132 	 182.5107 	 1.9528 
100.9167 	 196.9113 	 1.9454 
100.9201 	 201.2446 	 1.9313 
100.9236 	 230.9215 	 1.9113 
100.9271 	 249.0129 	 1.7382 
100.9306 	 210.7850 	 1.8259 
100.9340 	 110.9657 	 1.2017 
100.9375 	 102.1575 	 1.4384 
100.9410 	 107.6180 	 1.5880 
100.9444 	 115.7509 	 1.4846 
100.9479 	 93.8462 	 1.4957 
100.9514 	 100.4096 	 1.2969 
100.9549 	 73.8675 	 1.5598 
100.9583 	 63.0887 	 1.4164 
100.9618 	 70.3632 	 1.3462 
100.9653 	 66.2116 	 1.2116 
100.9688 	 51.0944 	 1.2232 
100.9722 	 36.7235 	 1.1092 
100.9757 	 27.4464 	 1.0730 
100.9792 	 22.6451 	 1.0239 
100.9826 	 16.0086 	 0.9013 
100.9861 	 10.7338 	 0.6826 
100.9896 	 9.7425 	 0.9442 
100.9931 	 17.7645 	 0.8874 
100.9965 	 17.7039 	 0.8584 
101.0000 	 12.8767 	 0.5993 
