Time-Day of Year 	 Electron flux 	 Proton flux 	 (Flux in the units of counts/sq cm.sec.sr) 
114.0035 	 367.0648 	 1.3311 
114.0069 	 368.3262 	 1.5665 
114.0104 	 373.3106 	 1.6212 
114.0139 	 389.7210 	 1.7382 
114.0174 	 401.2969 	 1.4676 
114.0208 	 403.9270 	 1.6738 
114.0243 	 408.4812 	 1.2628 
114.0278 	 408.7339 	 1.4163 
114.0313 	 419.5734 	 1.5188 
114.0347 	 427.1795 	 1.5385 
114.0382 	 439.4027 	 1.5017 
114.0417 	 454.0598 	 1.4744 
114.0451 	 458.3618 	 1.7235 
114.0486 	 468.9056 	 1.8455 
114.0521 	 476.1604 	 1.6212 
114.0556 	 476.2446 	 1.4378 
114.0590 	 486.6382 	 1.5529 
114.0625 	 490.8155 	 1.4592 
114.0660 	 493.5324 	 1.4164 
114.0694 	 495.9228 	 1.5451 
114.0729 	 487.3720 	 1.5017 
114.0764 	 479.8069 	 1.4378 
114.0799 	 484.7952 	 1.1945 
114.0833 	 488.6966 	 1.5385 
114.0868 	 485.5973 	 1.7065 
114.0903 	 488.7179 	 1.4316 
114.0938 	 489.8464 	 1.4676 
114.0972 	 484.4444 	 1.7735 
114.1007 	 489.8464 	 1.6894 
114.1042 	 488.9914 	 1.4592 
114.1076 	 479.4330 	 1.7354 
114.1111 	 491.5451 	 1.6738 
114.1146 	 490.5120 	 1.4505 
114.1181 	 493.1331 	 1.9528 
114.1215 	 498.9079 	 1.7918 
114.1250 	 508.5837 	 1.6953 
114.1285 	 501.2287 	 1.4334 
114.1319 	 543.0472 	 1.4592 
114.1354 	 540.6997 	 1.5358 
114.1389 	 550.8333 	 1.7308 
114.1424 	 549.7440 	 1.6382 
114.1458 	 556.2017 	 1.6309 
114.1493 	 565.8362 	 1.6724 
114.1528 	 570.4274 	 1.5598 
114.1563 	 574.1468 	 1.7577 
114.1597 	 585.4721 	 1.4807 
114.1632 	 594.0785 	 1.6724 
114.1667 	 598.8197 	 1.4807 
114.1701 	 609.6075 	 1.4505 
114.1736 	 646.5665 	 1.5665 
114.1771 	 637.3891 	 1.5017 
114.1806 	 654.8927 	 1.6524 
114.1840 	 662.4915 	 1.4334 
114.1875 	 666.6738 	 1.5236 
114.1910 	 673.0205 	 1.8089 
114.1944 	 654.2949 	 1.9017 
114.1979 	 663.4642 	 1.5529 
114.2014 	 664.6581 	 1.5385 
114.2049 	 656.7918 	 1.9454 
114.2083 	 671.2179 	 1.8376 
114.2118 	 667.4232 	 1.6212 
114.2153 	 702.6709 	 1.3675 
114.2188 	 748.5324 	 1.7577 
114.2222 	 765.5365 	 1.6953 
114.2257 	 697.4403 	 1.8430 
114.2292 	 709.1202 	 1.4163 
114.2326 	 727.8669 	 1.4676 
114.2361 	 758.0901 	 1.7811 
114.2396 	 790.5290 	 1.7235 
114.2431 	 802.8541 	 1.7597 
114.2465 	 803.7372 	 1.6553 
114.2500 	 822.3718 	 1.6667 
114.2535 	 851.4164 	 2.0478 
114.2569 	 843.6325 	 1.8376 
114.2604 	 830.1365 	 1.5870 
114.2639 	 839.8504 	 1.7521 
114.2674 	 876.6267 	 1.6781 
114.2708 	 848.4829 	 1.9231 
114.2743 	 867.6450 	 1.6894 
114.2778 	 892.4249 	 1.9313 
114.2813 	 888.2082 	 1.3993 
114.2847 	 865.3433 	 1.4592 
114.2882 	 883.7713 	 2.0648 
114.2917 	 915.3863 	 1.6738 
114.2951 	 904.9147 	 1.6553 
114.2986 	 824.1416 	 1.4807 
114.3021 	 801.3993 	 1.6041 
114.3056 	 835.1282 	 1.3675 
114.3090 	 844.6075 	 1.6724 
114.3125 	 880.8547 	 1.8590 
114.3160 	 911.1433 	 1.4334 
114.3194 	 943.4188 	 1.8376 
114.3229 	 979.6587 	 1.9625 
114.3264 	 937.8846 	 1.6453 
114.3299 	 901.6382 	 1.4676 
114.3333 	 900.9442 	 1.7382 
114.3368 	 930.7850 	 1.9113 
114.3403 	 965.9442 	 1.8884 
114.3438 	 970.0000 	 1.5358 
114.3472 	 927.7039 	 1.7382 
114.3507 	 919.4881 	 1.5188 
114.3542 	 941.7167 	 1.8240 
114.3576 	 920.8191 	 1.7577 
114.3611 	 897.5322 	 1.5880 
114.3646 	 900.0341 	 1.9454 
114.3681 	 915.0855 	 1.6026 
114.3715 	 954.7270 	 1.7235 
114.3750 	 1004.5299 	 2.2222 
114.3785 	 1006.9454 	 1.7406 
114.3819 	 1015.3632 	 1.5385 
114.3854 	 998.4471 	 1.4334 
114.3889 	 1004.4181 	 1.6595 
114.3924 	 1010.6997 	 1.7918 
114.3958 	 959.1845 	 1.6309 
114.3993 	 920.6655 	 1.5529 
114.4028 	 882.4034 	 2.0386 
114.4063 	 837.2696 	 1.5017 
114.4097 	 865.0000 	 1.9099 
114.4132 	 854.0444 	 1.6724 
114.4167 	 875.2575 	 1.6309 
114.4201 	 888.5666 	 1.6212 
114.4236 	 888.0769 	 1.5385 
114.4271 	 854.3857 	 1.6894 
114.4306 	 858.9530 	 1.6026 
114.4340 	 861.3481 	 1.6553 
114.4375 	 863.2265 	 1.5812 
114.4410 	 840.0683 	 1.7577 
114.4444 	 794.8498 	 1.4163 
114.4479 	 793.5666 	 1.8259 
114.4514 	 787.1245 	 1.4807 
114.4549 	 783.9420 	 1.5017 
114.4583 	 773.6695 	 1.6524 
114.4618 	 765.4096 	 1.2799 
114.4653 	 776.9313 	 1.3519 
114.4688 	 781.6894 	 1.7065 
114.4722 	 782.0601 	 1.8240 
114.4757 	 765.6485 	 1.6382 
114.4792 	 754.1667 	 1.5171 
114.4826 	 771.2969 	 1.6724 
114.4861 	 740.6410 	 1.5812 
114.4896 	 722.1502 	 1.8089 
114.4931 	 731.7308 	 1.8803 
114.4965 	 735.7850 	 1.5358 
114.5000 	 734.0343 	 1.5021 
114.5035 	 759.9659 	 1.5358 
114.5069 	 790.8798 	 1.4592 
114.5104 	 799.6075 	 1.6041 
114.5139 	 816.5948 	 1.1853 
114.5174 	 777.0819 	 1.6041 
114.5208 	 764.4635 	 1.6094 
114.5243 	 739.2150 	 1.5358 
114.5278 	 717.8970 	 1.4592 
114.5313 	 701.4164 	 1.4505 
114.5347 	 663.5897 	 1.4103 
114.5382 	 657.6962 	 1.3993 
114.5417 	 651.0470 	 1.5598 
114.5451 	 604.1979 	 1.5017 
114.5486 	 591.1325 	 1.3889 
114.5521 	 568.1229 	 1.2116 
114.5556 	 562.7039 	 1.8670 
114.5590 	 562.6621 	 1.1775 
114.5625 	 554.3562 	 1.1588 
114.5660 	 564.0614 	 1.4164 
114.5694 	 570.4721 	 1.2232 
114.5729 	 564.9488 	 1.3823 
114.5764 	 566.5665 	 1.3734 
114.5799 	 537.8328 	 1.5188 
114.5833 	 545.6438 	 1.5236 
114.5868 	 542.2867 	 1.2969 
114.5903 	 534.0171 	 1.4316 
114.5938 	 524.1126 	 1.3823 
114.5972 	 518.3333 	 1.6880 
114.6007 	 509.8464 	 1.5700 
114.6042 	 518.8248 	 1.3462 
114.6076 	 480.0341 	 1.3823 
114.6111 	 437.9185 	 1.3519 
114.6146 	 409.3686 	 1.2116 
114.6181 	 388.7339 	 1.2232 
114.6215 	 373.3447 	 1.3823 
114.6250 	 358.8197 	 1.2876 
114.6285 	 343.8567 	 1.3652 
114.6319 	 349.9142 	 0.9871 
114.6354 	 340.9932 	 1.1815 
114.6389 	 340.1073 	 1.5880 
114.6424 	 322.6280 	 1.2628 
114.6458 	 316.7094 	 1.2393 
114.6493 	 322.0136 	 1.1433 
114.6528 	 294.1239 	 1.6026 
114.6563 	 288.0887 	 1.4164 
114.6597 	 274.9359 	 1.6453 
114.6632 	 262.1843 	 1.3140 
114.6667 	 243.9056 	 1.3948 
114.6701 	 230.7850 	 1.1945 
114.6736 	 207.8970 	 1.0300 
114.6771 	 198.3959 	 1.1775 
114.6806 	 181.7382 	 1.3734 
114.6840 	 178.8737 	 0.8532 
114.6875 	 174.5064 	 0.9227 
114.6910 	 150.7338 	 1.0751 
114.6944 	 130.5794 	 0.9871 
114.6979 	 142.9863 	 1.1945 
114.7014 	 160.1068 	 1.1538 
114.7049 	 160.2901 	 0.8703 
114.7083 	 160.5128 	 1.1538 
114.7118 	 160.8532 	 1.1092 
114.7153 	 169.8077 	 0.9829 
114.7188 	 152.5085 	 0.9386 
114.7222 	 160.2575 	 1.0086 
114.7257 	 165.0512 	 1.2969 
114.7292 	 146.1373 	 1.2661 
114.7326 	 143.0546 	 1.0751 
114.7361 	 151.0944 	 0.9871 
114.7396 	 156.4676 	 1.0922 
114.7431 	 149.7854 	 1.0515 
114.7465 	 145.4266 	 1.1775 
114.7500 	 128.4764 	 0.9871 
114.7535 	 127.0478 	 1.2116 
114.7569 	 131.0300 	 1.0086 
114.7604 	 125.4437 	 1.0068 
114.7639 	 119.1667 	 1.2821 
114.7674 	 105.7679 	 1.1092 
114.7708 	 99.2308 	 0.9188 
114.7743 	 87.6451 	 0.9898 
114.7778 	 74.1845 	 1.0730 
114.7813 	 64.0956 	 0.8532 
114.7847 	 60.4292 	 0.8798 
114.7882 	 56.7747 	 0.8020 
114.7917 	 51.6524 	 0.7082 
114.7951 	 47.6792 	 1.1263 
114.7986 	 38.4335 	 0.8369 
114.8021 	 32.1843 	 0.7679 
114.8056 	 30.2146 	 0.6867 
114.8090 	 25.6997 	 0.6997 
114.8125 	 18.3974 	 0.9829 
114.8160 	 26.9283 	 0.7509 
114.8194 	 28.9316 	 0.8547 
114.8229 	 27.7645 	 0.5973 
114.8264 	 26.5598 	 0.7692 
114.8299 	 27.5597 	 0.5461 
114.8333 	 30.0215 	 0.7725 
114.8368 	 47.6109 	 0.6826 
114.8403 	 45.4077 	 0.6223 
114.8438 	 40.6485 	 0.7338 
114.8472 	 55.6867 	 0.6438 
114.8507 	 52.6451 	 0.7338 
114.8542 	 61.5236 	 0.9227 
114.8576 	 70.3754 	 0.8020 
114.8611 	 62.6180 	 0.7940 
114.8646 	 52.4403 	 0.8874 
114.8681 	 50.1923 	 0.8761 
114.8715 	 45.7850 	 0.8703 
114.8750 	 45.2350 	 0.7265 
114.8785 	 36.2842 	 0.6678 
114.8819 	 31.0684 	 0.8120 
114.8854 	 23.0887 	 0.6997 
114.8889 	 30.3648 	 0.7296 
114.8924 	 37.3038 	 0.6485 
114.8958 	 35.5579 	 0.9442 
114.8993 	 40.9898 	 0.8874 
114.9028 	 43.1760 	 0.9442 
114.9063 	 42.2014 	 1.0239 
114.9097 	 38.7768 	 0.9227 
114.9132 	 40.0000 	 0.8703 
114.9167 	 45.1073 	 0.9871 
114.9201 	 47.6109 	 0.9215 
114.9236 	 41.4103 	 0.8120 
114.9271 	 39.9317 	 0.9727 
114.9306 	 36.5171 	 0.7692 
114.9340 	 35.2048 	 1.1433 
114.9375 	 37.4786 	 0.9188 
114.9410 	 34.1468 	 0.8362 
114.9444 	 31.6524 	 0.8369 
114.9479 	 44.5392 	 1.0410 
114.9514 	 45.6652 	 0.7511 
114.9549 	 43.2082 	 0.7679 
114.9583 	 48.7339 	 1.0944 
114.9618 	 42.5597 	 1.0068 
114.9653 	 44.5279 	 0.9013 
114.9688 	 55.6655 	 1.0922 
114.9722 	 52.1674 	 1.0086 
114.9757 	 55.0683 	 0.9727 
114.9792 	 55.7692 	 0.8547 
114.9826 	 65.3925 	 1.0410 
114.9861 	 69.1239 	 1.2179 
114.9896 	 76.6041 	 0.9044 
114.9931 	 88.0983 	 1.1111 
114.9965 	 88.1399 	 0.9898 
115.0000 	 89.0517 	 1.1638 
