Time-Day of Year 	 Electron flux 	 Proton flux 	 (Flux in the units of counts/sq cm.sec.sr) 
349.0035 	 28.9079 	 1.2457 
349.0069 	 30.4292 	 1.2876 
349.0104 	 31.4334 	 1.1945 
349.0139 	 31.6953 	 1.0515 
349.0174 	 32.1672 	 1.3993 
349.0208 	 31.6094 	 1.0944 
349.0243 	 29.1638 	 1.0580 
349.0278 	 30.6838 	 0.8547 
349.0313 	 34.6416 	 1.2457 
349.0347 	 34.5727 	 0.9615 
349.0382 	 35.4266 	 1.2799 
349.0417 	 36.7521 	 0.9829 
349.0451 	 35.7363 	 1.0616 
349.0486 	 34.2489 	 1.1373 
349.0521 	 36.8601 	 1.0580 
349.0556 	 37.4464 	 1.0515 
349.0590 	 36.6382 	 0.9044 
349.0625 	 37.2318 	 1.2446 
349.0660 	 38.8737 	 0.9727 
349.0694 	 39.1416 	 1.0515 
349.0729 	 39.2491 	 1.3140 
349.0764 	 39.3991 	 1.0730 
349.0799 	 40.9898 	 1.2116 
349.0833 	 40.0214 	 1.3248 
349.0868 	 43.6348 	 1.0922 
349.0903 	 43.2265 	 1.1111 
349.0938 	 44.8123 	 1.1604 
349.0972 	 43.4829 	 1.1325 
349.1007 	 43.3106 	 1.2969 
349.1042 	 42.6609 	 0.9657 
349.1076 	 43.8225 	 1.1945 
349.1111 	 45.3219 	 1.3090 
349.1146 	 46.3140 	 1.1263 
349.1181 	 48.5837 	 0.8798 
349.1215 	 46.2457 	 0.9556 
349.1250 	 46.6524 	 0.9871 
349.1285 	 46.8771 	 1.1263 
349.1319 	 52.7682 	 1.3305 
349.1354 	 53.5836 	 1.1945 
349.1389 	 53.3547 	 1.2179 
349.1424 	 53.8908 	 1.2969 
349.1458 	 57.3504 	 1.1111 
349.1493 	 57.6792 	 1.0922 
349.1528 	 57.4786 	 1.2607 
349.1563 	 58.3106 	 1.4676 
349.1597 	 60.2146 	 1.1803 
349.1632 	 59.8801 	 1.2671 
349.1667 	 63.7768 	 1.2232 
349.1701 	 62.1331 	 0.8191 
349.1736 	 63.1760 	 0.7725 
349.1771 	 67.2014 	 1.3993 
349.1806 	 70.4721 	 1.2017 
349.1840 	 68.7372 	 1.1433 
349.1875 	 69.6781 	 1.1803 
349.1910 	 71.3823 	 1.2969 
349.1944 	 73.0128 	 1.0897 
349.1979 	 68.2765 	 1.2969 
349.2014 	 71.9231 	 1.1752 
349.2049 	 72.5085 	 1.3311 
349.2083 	 70.4274 	 1.1325 
349.2118 	 69.7099 	 1.1775 
349.2153 	 69.4181 	 1.1638 
349.2188 	 70.4778 	 0.8703 
349.2222 	 70.9013 	 1.1588 
349.2257 	 71.2287 	 1.1092 
349.2292 	 70.1288 	 1.1588 
349.2326 	 72.5939 	 1.1263 
349.2361 	 69.2275 	 0.8155 
349.2396 	 73.0546 	 1.3823 
349.2431 	 71.5880 	 1.3090 
349.2465 	 67.9693 	 1.2457 
349.2500 	 72.0299 	 1.4103 
349.2535 	 66.2287 	 1.3140 
349.2569 	 69.2949 	 1.0684 
349.2604 	 71.7577 	 1.2969 
349.2639 	 79.2521 	 1.1325 
349.2674 	 74.6928 	 1.2287 
349.2708 	 69.3133 	 1.0300 
349.2743 	 71.5529 	 1.0580 
349.2778 	 68.5560 	 1.0991 
349.2813 	 74.6587 	 1.2969 
349.2847 	 74.5708 	 1.1588 
349.2882 	 75.8020 	 1.2799 
349.2917 	 78.6695 	 1.0730 
349.2951 	 76.3823 	 1.0068 
349.2986 	 81.9528 	 0.9013 
349.3021 	 78.7884 	 1.2457 
349.3056 	 74.3590 	 1.0684 
349.3090 	 79.3174 	 1.1092 
349.3125 	 74.9786 	 1.0470 
349.3160 	 68.8567 	 1.2628 
349.3194 	 63.3120 	 1.2821 
349.3229 	 72.0819 	 1.0751 
349.3264 	 74.6996 	 1.0300 
349.3299 	 72.8840 	 1.2628 
349.3333 	 77.4893 	 1.1588 
349.3368 	 60.3413 	 0.9044 
349.3403 	 62.7682 	 1.1588 
349.3438 	 70.8020 	 0.9215 
349.3472 	 69.2060 	 1.0730 
349.3507 	 66.5870 	 0.9215 
349.3542 	 64.2275 	 1.2446 
349.3576 	 64.5563 	 1.2628 
349.3611 	 68.1624 	 1.1325 
349.3646 	 68.0034 	 1.0922 
349.3681 	 71.8162 	 1.2393 
349.3715 	 75.1877 	 1.2799 
349.3750 	 73.1197 	 1.0470 
349.3785 	 73.9420 	 1.1433 
349.3819 	 72.3605 	 1.0944 
349.3854 	 70.3584 	 1.1775 
349.3889 	 72.4034 	 1.4807 
349.3924 	 73.6348 	 1.3140 
349.3958 	 65.4957 	 1.0776 
349.3993 	 60.3584 	 1.2116 
349.4028 	 65.1073 	 1.5880 
349.4063 	 66.3652 	 1.0922 
349.4097 	 70.3004 	 0.9657 
349.4132 	 68.8908 	 0.9898 
349.4167 	 70.4060 	 1.0684 
349.4201 	 78.8055 	 1.2287 
349.4236 	 79.2521 	 1.1538 
349.4271 	 78.4812 	 1.0239 
349.4306 	 79.2735 	 1.3675 
349.4340 	 72.4915 	 1.0922 
349.4375 	 62.1245 	 1.3305 
349.4410 	 61.9795 	 1.1604 
349.4444 	 56.6524 	 0.8369 
349.4479 	 57.0819 	 1.1092 
349.4514 	 61.4163 	 1.0300 
349.4549 	 58.7884 	 1.1263 
349.4583 	 57.8970 	 1.0944 
349.4618 	 52.5427 	 0.8874 
349.4653 	 47.7253 	 0.6867 
349.4688 	 43.9590 	 0.9556 
349.4722 	 43.4402 	 1.1111 
349.4757 	 42.3038 	 1.1433 
349.4792 	 44.2094 	 1.1325 
349.4826 	 40.9556 	 0.7679 
349.4861 	 39.0171 	 0.9829 
349.4896 	 37.4744 	 1.1092 
349.4931 	 41.8590 	 1.1966 
349.4965 	 42.0307 	 1.0068 
349.5000 	 44.3777 	 1.1588 
349.5035 	 37.2526 	 1.4676 
349.5069 	 36.0086 	 0.9657 
349.5104 	 34.4027 	 1.1775 
349.5139 	 33.9871 	 1.0129 
349.5174 	 33.1570 	 1.0239 
349.5208 	 30.1717 	 1.0300 
349.5243 	 29.9829 	 1.0751 
349.5278 	 26.8240 	 1.0515 
349.5313 	 23.0717 	 1.1263 
349.5347 	 20.8974 	 1.2179 
349.5382 	 23.2594 	 0.8191 
349.5417 	 21.7949 	 0.9402 
349.5451 	 17.4061 	 0.6655 
349.5486 	 17.6496 	 1.1111 
349.5521 	 15.2048 	 0.7850 
349.5556 	 14.6781 	 0.7725 
349.5590 	 13.9761 	 0.7509 
349.5625 	 13.9700 	 0.6867 
349.5660 	 15.5973 	 0.7850 
349.5694 	 14.3777 	 1.0086 
349.5729 	 14.3857 	 0.6826 
349.5764 	 14.6137 	 0.7511 
349.5799 	 10.7338 	 0.6826 
349.5833 	 9.5708 	 1.0730 
349.5868 	 9.5734 	 0.8362 
349.5903 	 9.0598 	 0.7265 
349.5938 	 9.2491 	 0.9556 
349.5972 	 6.8803 	 0.7265 
349.6007 	 7.9181 	 0.7338 
349.6042 	 8.6538 	 0.7906 
349.6076 	 8.6007 	 0.8703 
349.6111 	 7.5536 	 0.8369 
349.6146 	 8.2594 	 1.0580 
349.6181 	 8.3262 	 0.8584 
349.6215 	 8.7031 	 0.7509 
349.6250 	 7.7468 	 1.0300 
349.6285 	 7.7055 	 0.9418 
349.6319 	 7.2103 	 0.9657 
349.6354 	 9.7270 	 0.8874 
349.6389 	 10.2564 	 1.0897 
349.6424 	 11.4334 	 0.8703 
349.6458 	 11.7094 	 0.7479 
349.6493 	 14.1126 	 1.1263 
349.6528 	 14.7863 	 1.0897 
349.6563 	 14.0444 	 0.9215 
349.6597 	 13.8462 	 0.9829 
349.6632 	 15.2218 	 0.8703 
349.6667 	 12.9828 	 1.0944 
349.6701 	 14.0444 	 0.8362 
349.6736 	 14.6781 	 1.1373 
349.6771 	 13.8225 	 1.1092 
349.6806 	 13.0258 	 0.8584 
349.6840 	 13.3959 	 0.9386 
349.6875 	 14.5708 	 0.9871 
349.6910 	 10.9727 	 1.0751 
349.6944 	 9.5708 	 0.7725 
349.6979 	 10.9727 	 0.7338 
349.7014 	 11.3675 	 1.1111 
349.7049 	 10.6997 	 0.8874 
349.7083 	 10.1923 	 0.9402 
349.7118 	 11.5358 	 0.7509 
349.7153 	 13.1197 	 0.7692 
349.7188 	 13.5666 	 1.0239 
349.7222 	 13.4335 	 0.7725 
349.7257 	 12.9352 	 0.8703 
349.7292 	 12.8326 	 0.6867 
349.7326 	 11.6382 	 0.8191 
349.7361 	 11.5880 	 1.1159 
349.7396 	 11.4846 	 0.9727 
349.7431 	 9.9356 	 0.9442 
349.7465 	 10.1884 	 0.9418 
349.7500 	 10.2790 	 0.7940 
349.7535 	 10.2901 	 0.7850 
349.7569 	 9.5940 	 0.8120 
349.7604 	 10.1365 	 1.1092 
349.7639 	 10.3205 	 1.1111 
349.7674 	 9.5563 	 1.0068 
349.7708 	 10.4060 	 1.2393 
349.7743 	 10.0853 	 0.9898 
349.7778 	 9.7639 	 0.8155 
349.7813 	 9.8635 	 0.8532 
349.7847 	 10.6652 	 0.7940 
349.7882 	 12.3038 	 0.8362 
349.7917 	 9.4850 	 0.7082 
349.7951 	 10.4778 	 1.1263 
349.7986 	 11.2017 	 0.8798 
349.8021 	 9.1126 	 0.7850 
349.8056 	 8.1545 	 0.9442 
349.8090 	 9.7782 	 1.1092 
349.8125 	 9.6581 	 0.7051 
349.8160 	 9.8123 	 1.0068 
349.8194 	 8.8034 	 0.8547 
349.8229 	 9.4710 	 0.8703 
349.8264 	 7.9915 	 0.8974 
349.8299 	 8.6519 	 0.7850 
349.8333 	 8.9914 	 0.9227 
349.8368 	 7.7986 	 0.7338 
349.8403 	 9.1202 	 0.8798 
349.8438 	 9.3857 	 0.7850 
349.8472 	 9.2489 	 0.7082 
349.8507 	 8.4812 	 0.7679 
349.8542 	 9.9356 	 0.8798 
349.8576 	 9.2491 	 0.7338 
349.8611 	 9.3319 	 0.7759 
349.8646 	 10.9727 	 0.8191 
349.8681 	 10.9829 	 0.8761 
349.8715 	 11.4676 	 0.9727 
349.8750 	 11.9658 	 0.8974 
349.8785 	 12.0307 	 0.8532 
349.8819 	 11.9444 	 1.1538 
349.8854 	 13.2423 	 1.0751 
349.8889 	 13.8627 	 1.0515 
349.8924 	 12.8328 	 1.0410 
349.8958 	 13.9700 	 0.9871 
349.8993 	 12.2355 	 0.7167 
349.9028 	 13.1116 	 0.9013 
349.9063 	 13.9932 	 0.7679 
349.9097 	 14.9785 	 0.9871 
349.9132 	 15.6143 	 1.0751 
349.9167 	 14.8069 	 1.1588 
349.9201 	 15.7338 	 1.0751 
349.9236 	 15.5983 	 1.2821 
349.9271 	 16.6553 	 1.1433 
349.9306 	 16.3034 	 1.1538 
349.9340 	 16.2457 	 0.9898 
349.9375 	 15.8974 	 0.9829 
349.9410 	 15.5802 	 0.8191 
349.9444 	 15.6867 	 1.1159 
349.9479 	 15.4096 	 0.9386 
349.9514 	 16.2661 	 0.9871 
349.9549 	 15.7509 	 1.0410 
349.9583 	 16.0515 	 0.9442 
349.9618 	 16.9454 	 1.0239 
349.9653 	 18.3906 	 0.9871 
349.9688 	 17.5939 	 0.8020 
349.9722 	 15.6438 	 0.8155 
349.9757 	 18.1678 	 0.8390 
349.9792 	 18.4402 	 1.0043 
349.9826 	 18.1229 	 0.8532 
349.9861 	 18.6752 	 0.8333 
349.9896 	 20.2560 	 0.9898 
349.9931 	 19.8932 	 0.9402 
349.9965 	 19.7611 	 0.9215 
350.0000 	 19.3348 	 0.8584 
