Time-Day of Year 	 Electron flux 	 Proton flux 	 (Flux in the units of counts/sq cm.sec.sr) 
36.0035 	 4.9359 	 0.6838 
36.0069 	 4.6416 	 0.7167 
36.0104 	 4.8283 	 0.7725 
36.0139 	 4.8635 	 0.7850 
36.0174 	 4.7210 	 0.7082 
36.0208 	 4.6928 	 0.5461 
36.0243 	 5.1073 	 0.6223 
36.0278 	 5.6826 	 0.8874 
36.0313 	 5.2361 	 0.9442 
36.0347 	 5.3242 	 0.7167 
36.0382 	 5.5342 	 0.8974 
36.0417 	 5.6849 	 0.8562 
36.0451 	 5.6223 	 0.8584 
36.0486 	 5.0853 	 0.7509 
36.0521 	 5.3648 	 0.8798 
36.0556 	 5.0683 	 0.8532 
36.0590 	 5.0858 	 0.8155 
36.0625 	 5.4778 	 0.8703 
36.0660 	 4.9356 	 0.6652 
36.0694 	 5.6655 	 0.6314 
36.0729 	 5.7082 	 0.8155 
36.0764 	 5.0341 	 0.6314 
36.0799 	 5.4701 	 0.7692 
36.0833 	 6.3993 	 0.8874 
36.0868 	 6.7094 	 0.7479 
36.0903 	 6.3652 	 0.8874 
36.0938 	 6.5598 	 0.7692 
36.0972 	 6.3823 	 0.8191 
36.1007 	 5.7082 	 0.7296 
36.1042 	 6.7235 	 0.7850 
36.1076 	 6.5021 	 0.7725 
36.1111 	 6.5017 	 0.7850 
36.1146 	 6.1373 	 0.8369 
36.1181 	 6.6382 	 0.8703 
36.1215 	 6.3734 	 0.9013 
36.1250 	 6.7918 	 0.7338 
36.1285 	 7.4249 	 0.9227 
36.1319 	 7.4232 	 0.9386 
36.1354 	 7.6282 	 0.7906 
36.1389 	 7.4915 	 0.9215 
36.1424 	 8.7393 	 0.5983 
36.1458 	 7.2867 	 0.6143 
36.1493 	 8.4615 	 0.6838 
36.1528 	 7.6962 	 0.7509 
36.1563 	 7.5966 	 1.0730 
36.1597 	 7.6712 	 0.7363 
36.1632 	 6.9099 	 0.6867 
36.1667 	 7.4403 	 0.8020 
36.1701 	 7.7468 	 1.0300 
36.1736 	 7.9522 	 0.7679 
36.1771 	 7.4678 	 0.6652 
36.1806 	 8.2253 	 0.7509 
36.1840 	 6.6953 	 0.7082 
36.1875 	 7.6792 	 0.7850 
36.1910 	 8.0128 	 0.7479 
36.1944 	 7.7986 	 0.7679 
36.1979 	 6.9872 	 0.4701 
36.2014 	 7.5085 	 0.8874 
36.2049 	 7.1581 	 0.7265 
36.2083 	 8.0034 	 0.6826 
36.2118 	 6.8884 	 0.8369 
36.2153 	 6.9625 	 0.6655 
36.2188 	 7.2747 	 0.5794 
36.2222 	 7.0423 	 0.4401 
36.2257 	 6.6524 	 0.8155 
36.2292 	 7.4573 	 0.7338 
36.2326 	 7.1459 	 0.7511 
36.2361 	 7.3891 	 0.9727 
36.2396 	 8.0000 	 1.0227 
36.2431 	 6.9966 	 0.6655 
36.2465 	 6.6239 	 0.9615 
36.2500 	 7.7986 	 0.6655 
36.2535 	 8.0556 	 0.7906 
36.2569 	 8.5836 	 0.7509 
36.2604 	 8.2692 	 0.8761 
36.2639 	 8.7543 	 0.9727 
36.2674 	 9.7854 	 1.0944 
36.2708 	 9.2662 	 0.8874 
36.2743 	 10.4077 	 0.8798 
36.2778 	 9.6747 	 0.8733 
36.2813 	 10.1502 	 0.9871 
36.2847 	 11.5358 	 0.9386 
36.2882 	 10.0858 	 0.7940 
36.2917 	 9.2662 	 0.9215 
36.2951 	 9.0558 	 0.6652 
36.2986 	 9.6587 	 0.7509 
36.3021 	 11.6026 	 0.7906 
36.3056 	 11.4505 	 0.6997 
36.3090 	 9.7222 	 0.8547 
36.3125 	 9.0273 	 1.0410 
36.3160 	 9.3162 	 0.7692 
36.3194 	 9.6587 	 0.6826 
36.3229 	 10.5365 	 0.6652 
36.3264 	 9.4369 	 0.8191 
36.3299 	 10.5365 	 0.8798 
36.3333 	 10.6314 	 0.5631 
36.3368 	 10.1073 	 0.5365 
36.3403 	 10.2218 	 0.6997 
36.3438 	 8.7554 	 0.5794 
36.3472 	 10.0000 	 0.8532 
36.3507 	 9.4635 	 0.8155 
36.3542 	 10.4949 	 0.8191 
36.3576 	 10.7051 	 0.8120 
36.3611 	 10.2218 	 0.7167 
36.3646 	 10.9615 	 0.8333 
36.3681 	 11.5529 	 1.0580 
36.3715 	 13.1624 	 1.0043 
36.3750 	 11.5700 	 0.9386 
36.3785 	 10.9657 	 0.8155 
36.3819 	 10.3754 	 0.4949 
36.3854 	 8.3691 	 0.7725 
36.3889 	 8.9932 	 0.8703 
36.3924 	 9.5494 	 0.8798 
36.3958 	 9.0614 	 0.7167 
36.3993 	 8.5345 	 0.7974 
36.4028 	 7.4061 	 0.7167 
36.4063 	 7.5322 	 0.7511 
36.4097 	 7.5768 	 0.6826 
36.4132 	 8.7179 	 1.0043 
36.4167 	 7.6621 	 0.7679 
36.4201 	 8.4829 	 0.7265 
36.4236 	 8.3618 	 0.8874 
36.4271 	 7.6282 	 0.5983 
36.4306 	 7.5939 	 0.7338 
36.4340 	 8.5684 	 0.6838 
36.4375 	 8.1741 	 0.8703 
36.4410 	 8.3476 	 0.6867 
36.4444 	 8.4642 	 0.7338 
36.4479 	 8.8627 	 0.7940 
36.4514 	 7.5597 	 0.7338 
36.4549 	 7.5751 	 0.5150 
36.4583 	 7.7645 	 0.9044 
36.4618 	 6.9099 	 0.9657 
36.4653 	 6.1263 	 0.9556 
36.4688 	 6.6667 	 0.9829 
36.4722 	 7.0307 	 0.8020 
36.4757 	 7.1795 	 0.5769 
36.4792 	 6.3140 	 0.7679 
36.4826 	 7.3291 	 0.5128 
36.4861 	 7.2696 	 0.6655 
36.4896 	 6.4103 	 0.5556 
36.4931 	 6.4334 	 0.7679 
36.4965 	 6.6309 	 0.6009 
36.5000 	 6.5188 	 0.6655 
36.5035 	 5.1502 	 0.7296 
36.5069 	 5.4778 	 0.6826 
36.5104 	 5.3863 	 0.6438 
36.5139 	 5.8362 	 0.5631 
36.5174 	 5.2802 	 0.7543 
36.5208 	 6.3140 	 0.6314 
36.5243 	 6.1373 	 0.7511 
36.5278 	 4.2491 	 0.6997 
36.5313 	 4.5513 	 0.5556 
36.5347 	 4.2833 	 0.5802 
36.5382 	 4.8291 	 0.7051 
36.5417 	 5.3584 	 0.4608 
36.5451 	 5.4701 	 0.9188 
36.5486 	 5.3413 	 0.8191 
36.5521 	 6.4378 	 0.7511 
36.5556 	 6.6382 	 1.0068 
36.5590 	 7.4893 	 1.0730 
36.5625 	 9.9147 	 1.1092 
36.5660 	 8.8412 	 1.1803 
36.5694 	 6.1775 	 0.7167 
36.5729 	 5.3219 	 0.7082 
36.5764 	 5.2730 	 0.4778 
36.5799 	 5.3648 	 0.5794 
36.5833 	 5.2218 	 0.5631 
36.5868 	 6.1325 	 0.5983 
36.5903 	 5.5290 	 0.6826 
36.5938 	 5.1496 	 0.8333 
36.5972 	 5.4266 	 0.8020 
36.6007 	 5.0855 	 0.9188 
36.6042 	 4.6587 	 0.8874 
36.6076 	 4.8069 	 0.7082 
36.6111 	 5.6655 	 0.9215 
36.6146 	 4.7425 	 0.9657 
36.6181 	 5.3925 	 0.6143 
36.6215 	 5.6867 	 0.7725 
36.6250 	 4.9488 	 0.9556 
36.6285 	 5.7725 	 0.7296 
36.6319 	 4.9147 	 0.7338 
36.6354 	 5.7082 	 0.7082 
36.6389 	 5.6336 	 0.8219 
36.6424 	 5.1709 	 0.7906 
36.6458 	 4.4027 	 0.7850 
36.6493 	 5.1068 	 0.7906 
36.6528 	 4.7611 	 0.7679 
36.6563 	 5.1068 	 0.7692 
36.6597 	 4.8464 	 0.5802 
36.6632 	 4.9785 	 0.8798 
36.6667 	 4.7440 	 0.6655 
36.6701 	 3.8627 	 0.7082 
36.6736 	 4.6246 	 0.8703 
36.6771 	 4.0773 	 0.6652 
36.6806 	 4.9147 	 0.8191 
36.6840 	 4.2275 	 0.9013 
36.6875 	 4.6075 	 0.6314 
36.6910 	 3.8197 	 0.9013 
36.6944 	 3.8396 	 0.6655 
36.6979 	 4.2521 	 0.7692 
36.7014 	 3.6177 	 0.6997 
36.7049 	 4.1880 	 0.8547 
36.7083 	 3.9078 	 0.8703 
36.7118 	 4.4658 	 0.9615 
36.7153 	 3.8737 	 0.5973 
36.7188 	 3.4335 	 0.8155 
36.7222 	 3.9761 	 0.8020 
36.7257 	 3.5193 	 0.6867 
36.7292 	 3.3618 	 0.7509 
36.7326 	 4.0773 	 0.7940 
36.7361 	 4.2662 	 1.0239 
36.7396 	 5.4721 	 0.9013 
36.7431 	 7.5939 	 0.8020 
36.7465 	 8.8841 	 1.1373 
36.7500 	 8.7713 	 1.0410 
36.7535 	 8.0983 	 1.1752 
36.7569 	 7.8425 	 1.0103 
36.7604 	 7.2222 	 0.9615 
36.7639 	 7.1160 	 0.8874 
36.7674 	 6.5385 	 0.7479 
36.7708 	 6.6724 	 0.8532 
36.7743 	 6.1588 	 0.9871 
36.7778 	 5.7679 	 0.7679 
36.7813 	 6.4592 	 0.8584 
36.7847 	 6.7918 	 0.8020 
36.7882 	 6.8670 	 0.8155 
36.7917 	 7.0307 	 0.8191 
36.7951 	 8.2618 	 0.7940 
36.7986 	 8.2423 	 1.1092 
36.8021 	 7.2747 	 0.8584 
36.8056 	 7.5427 	 0.8191 
36.8090 	 8.0128 	 0.9615 
36.8125 	 8.2765 	 1.0239 
36.8160 	 7.0726 	 0.8974 
36.8194 	 8.3106 	 0.8874 
36.8229 	 8.7393 	 0.8547 
36.8264 	 8.1570 	 1.0751 
36.8299 	 9.1202 	 1.1373 
36.8333 	 8.2253 	 0.6314 
36.8368 	 8.7983 	 1.1159 
36.8403 	 9.7270 	 0.9386 
36.8438 	 9.0558 	 0.9013 
36.8472 	 9.2150 	 1.1945 
36.8507 	 9.1202 	 1.2017 
36.8542 	 9.1980 	 1.0068 
36.8576 	 10.0215 	 0.9442 
36.8611 	 9.3686 	 1.0239 
36.8646 	 9.9786 	 1.0256 
36.8681 	 8.8567 	 0.9727 
36.8715 	 10.0000 	 1.0470 
36.8750 	 10.1195 	 0.9727 
36.8785 	 8.3906 	 0.9871 
36.8819 	 9.6758 	 1.0922 
36.8854 	 9.5064 	 1.0515 
36.8889 	 9.7270 	 0.8191 
36.8924 	 9.6781 	 1.1373 
36.8958 	 9.8123 	 0.9727 
36.8993 	 9.4421 	 0.8798 
36.9028 	 10.5290 	 0.8362 
36.9063 	 9.8283 	 0.9657 
36.9097 	 10.8191 	 1.1945 
36.9132 	 9.7854 	 1.1159 
36.9167 	 10.5461 	 0.9898 
36.9201 	 10.1923 	 1.0470 
36.9236 	 10.0683 	 0.8191 
36.9271 	 9.4658 	 0.8120 
36.9306 	 9.2150 	 1.0580 
36.9340 	 9.5513 	 0.8547 
36.9375 	 10.1536 	 1.3140 
36.9410 	 10.0000 	 0.9657 
36.9444 	 10.6997 	 1.2116 
36.9479 	 10.6438 	 0.9227 
36.9514 	 10.2901 	 0.9727 
36.9549 	 10.8155 	 1.0300 
36.9583 	 11.2287 	 0.9727 
36.9618 	 11.0730 	 1.2661 
36.9653 	 10.5631 	 0.9727 
36.9688 	 11.2393 	 0.9402 
36.9722 	 11.6553 	 1.2628 
36.9757 	 11.4744 	 0.9615 
36.9792 	 11.7747 	 1.2969 
36.9826 	 11.0043 	 1.2607 
36.9861 	 11.8601 	 1.1604 
36.9896 	 11.7094 	 1.2393 
36.9931 	 11.7065 	 0.7850 
36.9965 	 12.6293 	 1.0129 
37.0000 	 11.8259 	 1.1433 
