Time-Day of Year 	 Electron flux 	 Proton flux 	 (Flux in the units of counts/sq cm.sec.sr) 
234.0035 	 252.2817 	 1.8452 
234.0069 	 270.2182 	 1.4909 
234.0104 	 260.9524 	 1.3690 
234.0139 	 278.5818 	 1.7818 
234.0174 	 299.8611 	 1.8452 
234.0208 	 272.7455 	 1.8545 
234.0243 	 309.8809 	 1.6071 
234.0278 	 315.3818 	 1.4727 
234.0313 	 311.8127 	 1.8924 
234.0347 	 357.9273 	 1.5273 
234.0382 	 330.9562 	 1.4542 
234.0417 	 350.8546 	 1.9273 
234.0451 	 354.2430 	 1.5139 
234.0486 	 360.3455 	 1.6727 
234.0521 	 357.5299 	 1.7530 
234.0556 	 397.5181 	 1.6304 
234.0590 	 409.0438 	 1.6733 
234.0625 	 438.1522 	 1.2862 
234.0660 	 436.0956 	 1.3347 
234.0694 	 482.8442 	 1.8297 
234.0729 	 475.2789 	 1.6534 
234.0764 	 469.4928 	 1.7029 
234.0799 	 516.2749 	 1.6135 
234.0833 	 507.1015 	 1.7391 
234.0868 	 538.7600 	 1.4600 
234.0903 	 527.5725 	 1.5036 
234.0938 	 539.2400 	 1.6800 
234.0972 	 506.4674 	 1.5580 
234.1007 	 508.5800 	 1.6000 
234.1042 	 503.6775 	 1.6304 
234.1076 	 517.6200 	 1.6800 
234.1111 	 541.5036 	 1.4493 
234.1146 	 523.0000 	 1.9600 
234.1181 	 530.0181 	 1.4260 
234.1215 	 542.8514 	 1.4859 
234.1250 	 550.5396 	 1.5108 
234.1285 	 532.8313 	 1.6466 
234.1319 	 552.1942 	 1.8165 
234.1354 	 577.7510 	 1.4257 
234.1389 	 576.7986 	 1.7986 
234.1424 	 606.7137 	 1.3306 
234.1458 	 659.5863 	 1.7266 
234.1493 	 728.0444 	 1.9355 
234.1528 	 702.0260 	 1.8030 
234.1563 	 705.5444 	 1.7540 
234.1597 	 702.8957 	 1.6727 
234.1632 	 674.2540 	 1.3306 
234.1667 	 720.6115 	 1.5647 
234.1701 	 855.6250 	 1.7540 
234.1736 	 940.4839 	 2.3118 
234.1771 	 909.8790 	 1.7944 
234.1806 	 875.3943 	 1.7742 
234.1840 	 816.0081 	 1.6935 
234.1875 	 727.6523 	 1.3082 
234.1910 	 732.2984 	 1.4718 
234.1944 	 761.5054 	 1.4695 
234.1979 	 711.8421 	 1.9028 
234.2014 	 695.9857 	 1.7921 
234.2049 	 693.4818 	 1.5992 
234.2083 	 671.1290 	 1.7025 
234.2118 	 695.1417 	 1.7611 
234.2153 	 687.8315 	 1.6308 
234.2188 	 705.6680 	 1.6397 
234.2222 	 744.1577 	 1.7742 
234.2257 	 770.7895 	 1.5992 
234.2292 	 721.4286 	 1.7857 
234.2326 	 706.9433 	 1.4980 
234.2361 	 718.1786 	 1.5000 
234.2396 	 735.7287 	 1.5587 
234.2431 	 734.2679 	 1.4464 
234.2465 	 740.6098 	 1.5854 
234.2500 	 763.6477 	 1.6726 
234.2535 	 776.3469 	 1.6531 
234.2569 	 788.8968 	 1.8327 
234.2604 	 765.1837 	 1.3878 
234.2639 	 747.2420 	 1.7616 
234.2674 	 777.7551 	 1.6122 
234.2708 	 750.9253 	 1.7794 
234.2743 	 756.3673 	 1.6122 
234.2778 	 768.5231 	 1.7616 
234.2813 	 785.4082 	 1.8776 
234.2847 	 777.4823 	 1.4362 
234.2882 	 782.7551 	 1.5918 
234.2917 	 768.3865 	 1.5071 
234.2951 	 771.8163 	 1.4490 
234.2986 	 790.7447 	 1.5603 
234.3021 	 781.1429 	 1.2041 
234.3056 	 788.0319 	 1.6844 
234.3090 	 757.3771 	 1.4549 
234.3125 	 739.5745 	 1.2766 
234.3160 	 721.8647 	 1.6803 
234.3194 	 709.0780 	 1.8440 
234.3229 	 675.4303 	 1.8033 
234.3264 	 682.7660 	 1.6135 
234.3299 	 625.5738 	 1.5574 
234.3333 	 591.7553 	 1.4539 
234.3368 	 592.2746 	 1.4959 
234.3403 	 624.7703 	 1.6961 
234.3438 	 680.4508 	 1.9262 
234.3472 	 678.6926 	 1.5901 
234.3507 	 674.3443 	 1.5984 
234.3542 	 691.3604 	 1.6608 
234.3576 	 711.5779 	 1.7418 
234.3611 	 655.6360 	 1.2721 
234.3646 	 644.1322 	 1.6322 
234.3681 	 677.8521 	 1.3380 
234.3715 	 711.6735 	 1.6529 
234.3750 	 701.5141 	 1.7430 
234.3785 	 742.5413 	 1.7562 
234.3819 	 727.9578 	 1.7254 
234.3854 	 703.0785 	 1.7149 
234.3889 	 646.2500 	 1.5141 
234.3924 	 612.1074 	 1.5909 
234.3958 	 553.3509 	 1.5263 
234.3993 	 501.4256 	 1.3843 
234.4028 	 511.0877 	 1.4386 
234.4063 	 515.9298 	 1.3430 
234.4097 	 509.1404 	 1.6667 
234.4132 	 530.5992 	 1.2190 
234.4167 	 537.0000 	 1.3860 
234.4201 	 560.4979 	 1.1411 
234.4236 	 581.3860 	 1.2982 
234.4271 	 555.9129 	 1.6805 
234.4306 	 537.0175 	 1.6140 
234.4340 	 530.2697 	 1.5145 
234.4375 	 506.8596 	 1.5088 
234.4410 	 496.3071 	 1.4730 
234.4444 	 479.1053 	 1.5965 
234.4479 	 480.4564 	 1.3900 
234.4514 	 505.2797 	 1.5385 
234.4549 	 495.2075 	 1.5975 
234.4583 	 472.1853 	 1.5734 
234.4618 	 473.4025 	 1.6598 
234.4653 	 478.4091 	 1.2238 
234.4688 	 468.6515 	 1.5353 
234.4722 	 480.6818 	 1.5909 
234.4757 	 466.8257 	 1.4730 
234.4792 	 447.0629 	 1.2762 
234.4826 	 427.3750 	 1.5000 
234.4861 	 420.4545 	 1.2413 
234.4896 	 466.5900 	 1.1297 
234.4931 	 467.8746 	 1.5331 
234.4965 	 407.1757 	 1.4644 
234.5000 	 427.8397 	 1.6899 
234.5035 	 406.1297 	 1.4854 
234.5069 	 374.0104 	 1.3368 
234.5104 	 407.5941 	 1.3389 
234.5139 	 420.2083 	 1.3889 
234.5174 	 358.4728 	 1.4017 
234.5208 	 368.9063 	 1.5104 
234.5243 	 383.2218 	 1.2971 
234.5278 	 414.4618 	 1.3368 
234.5313 	 330.7741 	 1.3180 
234.5347 	 366.7188 	 1.3542 
234.5382 	 351.1345 	 1.2605 
234.5417 	 354.2188 	 1.2847 
234.5451 	 380.9454 	 1.4496 
234.5486 	 368.8542 	 1.7188 
234.5521 	 348.7605 	 1.0294 
234.5556 	 350.7639 	 1.6319 
234.5590 	 342.1429 	 1.4076 
234.5625 	 328.3910 	 1.1073 
234.5660 	 335.4832 	 1.4076 
234.5694 	 317.8547 	 1.4879 
234.5729 	 308.3613 	 0.9874 
234.5764 	 297.9239 	 1.2284 
234.5799 	 276.9328 	 1.5126 
234.5833 	 270.3287 	 1.1073 
234.5868 	 263.5714 	 1.3025 
234.5903 	 257.0588 	 1.0727 
234.5938 	 253.7764 	 1.2447 
234.5972 	 246.9377 	 1.2111 
234.6007 	 226.7933 	 1.0549 
234.6042 	 227.9931 	 1.1765 
234.6076 	 232.4473 	 1.4135 
234.6111 	 247.3356 	 1.2284 
234.6146 	 250.6992 	 1.3136 
234.6181 	 237.3621 	 1.4655 
234.6215 	 228.7500 	 1.2500 
234.6250 	 221.5636 	 1.3574 
234.6285 	 235.3178 	 1.3347 
234.6319 	 232.3024 	 1.1168 
234.6354 	 210.6568 	 1.3559 
234.6389 	 207.5258 	 1.3058 
234.6424 	 205.4449 	 1.1017 
234.6458 	 188.3161 	 1.1168 
234.6493 	 186.7021 	 0.9362 
234.6528 	 173.4021 	 1.4433 
234.6563 	 163.5745 	 1.3404 
234.6597 	 160.8076 	 1.3746 
234.6632 	 159.9574 	 1.4681 
234.6667 	 153.4021 	 1.2199 
234.6701 	 139.4894 	 1.1915 
234.6736 	 136.3402 	 1.6495 
234.6771 	 143.2340 	 1.6809 
234.6806 	 151.8836 	 1.2500 
234.6840 	 137.7021 	 1.1064 
234.6875 	 145.6164 	 1.0616 
234.6910 	 148.7447 	 1.2340 
234.6944 	 156.3185 	 1.1130 
234.6979 	 161.4894 	 1.7447 
234.7014 	 160.7534 	 1.2500 
234.7049 	 156.5385 	 1.2607 
234.7083 	 154.7774 	 1.4897 
234.7118 	 159.7650 	 1.2821 
234.7153 	 143.3390 	 1.2671 
234.7188 	 148.7393 	 1.1752 
234.7222 	 150.3767 	 1.2158 
234.7257 	 148.4829 	 1.4316 
234.7292 	 139.3836 	 1.3185 
234.7326 	 136.9099 	 1.2017 
234.7361 	 140.3413 	 1.7918 
234.7396 	 131.3889 	 1.2821 
234.7431 	 136.0922 	 1.4505 
234.7465 	 136.7735 	 1.6667 
234.7500 	 136.7065 	 1.2116 
234.7535 	 136.6026 	 1.4316 
234.7569 	 135.4266 	 1.3311 
234.7604 	 131.2017 	 1.4378 
234.7639 	 134.3515 	 1.5188 
234.7674 	 138.0043 	 1.4592 
234.7708 	 135.0853 	 1.1263 
234.7743 	 133.5837 	 1.1373 
234.7778 	 128.2765 	 1.2628 
234.7813 	 124.7425 	 1.3519 
234.7847 	 129.7270 	 1.3311 
234.7882 	 111.8455 	 1.3305 
234.7917 	 111.8259 	 1.2457 
234.7951 	 109.6154 	 1.2179 
234.7986 	 106.3823 	 1.1604 
234.8021 	 100.8761 	 1.1752 
234.8056 	 96.9113 	 1.3140 
234.8090 	 95.5342 	 1.3248 
234.8125 	 94.2662 	 1.2628 
234.8160 	 91.1588 	 1.0730 
234.8194 	 97.0137 	 1.3311 
234.8229 	 95.5150 	 1.2232 
234.8264 	 90.7509 	 1.0751 
234.8299 	 86.0086 	 1.2446 
234.8333 	 82.0307 	 1.1263 
234.8368 	 77.1030 	 1.0730 
234.8403 	 75.1365 	 0.9727 
234.8438 	 79.0987 	 1.4163 
234.8472 	 71.8601 	 1.0410 
234.8507 	 71.7949 	 1.4103 
234.8542 	 83.2192 	 1.0274 
234.8576 	 87.5427 	 0.8547 
234.8611 	 93.9932 	 1.3140 
234.8646 	 97.3291 	 0.8974 
234.8681 	 102.2014 	 1.0068 
234.8715 	 98.9270 	 1.4378 
234.8750 	 103.0546 	 1.4676 
234.8785 	 91.4807 	 1.1803 
234.8819 	 96.0410 	 1.2457 
234.8854 	 100.1073 	 1.2446 
234.8889 	 106.8771 	 1.1433 
234.8924 	 111.6309 	 0.9013 
234.8958 	 97.5597 	 1.3311 
234.8993 	 98.9914 	 1.3948 
234.9028 	 102.7986 	 1.0922 
234.9063 	 96.6026 	 1.1325 
234.9097 	 100.9386 	 1.2457 
234.9132 	 97.7137 	 1.0470 
234.9167 	 101.4164 	 1.1433 
234.9201 	 108.1838 	 1.3462 
234.9236 	 106.6723 	 1.2287 
234.9271 	 101.4163 	 1.1373 
234.9306 	 102.1672 	 1.4334 
234.9340 	 108.3476 	 1.0086 
234.9375 	 109.9829 	 1.0580 
234.9410 	 113.9056 	 1.0515 
234.9444 	 115.2048 	 1.2116 
234.9479 	 122.4893 	 1.2446 
234.9514 	 123.0546 	 1.3481 
234.9549 	 131.1159 	 1.2232 
234.9583 	 127.7133 	 1.3311 
234.9618 	 132.5427 	 1.2821 
234.9653 	 145.4096 	 1.3140 
234.9688 	 136.4744 	 1.3889 
234.9722 	 135.7509 	 1.1775 
234.9757 	 140.7940 	 1.1159 
234.9792 	 142.0137 	 1.2457 
234.9826 	 146.0300 	 1.1373 
234.9861 	 156.3481 	 1.3823 
234.9896 	 170.6438 	 1.0086 
234.9931 	 176.2287 	 1.2628 
234.9965 	 169.4850 	 1.3948 
235.0000 	 161.1945 	 1.3481 
