Time-Day of Year 	 Electron flux 	 Proton flux 	 (Flux in the units of counts/sq cm.sec.sr) 
212.0035 	 526.0470 	 1.3462 
212.0069 	 545.2560 	 1.5017 
212.0104 	 564.9145 	 1.5171 
212.0139 	 561.3823 	 1.3140 
212.0174 	 567.4573 	 1.5812 
212.0208 	 568.4812 	 1.8259 
212.0243 	 575.1496 	 1.7094 
212.0278 	 576.7918 	 1.4505 
212.0313 	 582.2318 	 1.6738 
212.0347 	 581.6041 	 1.6382 
212.0382 	 590.9442 	 1.5236 
212.0417 	 594.2150 	 1.8259 
212.0451 	 607.9614 	 1.4807 
212.0486 	 611.7406 	 1.4505 
212.0521 	 610.8155 	 1.3305 
212.0556 	 628.3788 	 1.6382 
212.0590 	 637.2863 	 1.8590 
212.0625 	 645.1536 	 1.7235 
212.0660 	 665.0000 	 1.6667 
212.0694 	 655.2389 	 1.6553 
212.0729 	 649.5726 	 1.5812 
212.0764 	 662.8498 	 1.2799 
212.0799 	 654.2521 	 1.5385 
212.0833 	 662.7133 	 1.6724 
212.0868 	 646.4378 	 1.5665 
212.0903 	 631.5188 	 1.7065 
212.0938 	 640.4506 	 1.4378 
212.0972 	 631.2969 	 1.5700 
212.1007 	 636.3949 	 1.8240 
212.1042 	 640.0853 	 1.6724 
212.1076 	 640.7759 	 1.5517 
212.1111 	 654.1126 	 1.6724 
212.1146 	 656.2607 	 1.7094 
212.1181 	 675.2901 	 1.6041 
212.1215 	 692.1795 	 1.6453 
212.1250 	 703.3618 	 1.7747 
212.1285 	 701.6667 	 1.8590 
212.1319 	 765.0000 	 1.6894 
212.1354 	 774.9145 	 1.4530 
212.1389 	 760.1707 	 1.3481 
212.1424 	 779.7425 	 1.7597 
212.1458 	 758.7543 	 1.6553 
212.1493 	 783.1116 	 1.5880 
212.1528 	 833.0546 	 1.3993 
212.1563 	 874.5494 	 1.9099 
212.1597 	 862.5256 	 1.6724 
212.1632 	 839.9571 	 1.5236 
212.1667 	 857.1502 	 1.6894 
212.1701 	 847.2863 	 1.3034 
212.1736 	 850.0853 	 1.5358 
212.1771 	 858.0556 	 1.6026 
212.1806 	 838.9932 	 1.4676 
212.1840 	 845.7051 	 1.3675 
212.1875 	 857.8328 	 1.9795 
212.1910 	 863.5897 	 1.6667 
212.1944 	 844.0273 	 1.5700 
212.1979 	 843.1760 	 1.9528 
212.2014 	 831.8430 	 1.3823 
212.2049 	 874.2060 	 1.6953 
212.2083 	 845.9386 	 1.7235 
212.2118 	 867.6180 	 1.3734 
212.2153 	 910.0000 	 1.6212 
212.2188 	 882.3605 	 1.8455 
212.2222 	 867.9693 	 1.4846 
212.2257 	 888.5256 	 1.5598 
212.2292 	 874.5222 	 1.8771 
212.2326 	 895.6009 	 1.4163 
212.2361 	 918.3959 	 1.6212 
212.2396 	 934.0171 	 1.6026 
212.2431 	 900.8874 	 1.5358 
212.2465 	 899.0171 	 2.0726 
212.2500 	 937.8157 	 1.7577 
212.2535 	 926.6953 	 1.3519 
212.2569 	 902.4232 	 1.6212 
212.2604 	 868.3047 	 1.6738 
212.2639 	 907.3720 	 1.5529 
212.2674 	 825.4936 	 1.7167 
212.2708 	 858.5666 	 1.6553 
212.2743 	 870.0000 	 1.6953 
212.2778 	 930.3413 	 1.5700 
212.2813 	 923.3120 	 1.5812 
212.2847 	 926.2628 	 1.5700 
212.2882 	 899.8291 	 1.4530 
212.2917 	 953.7543 	 1.5017 
212.2951 	 914.7863 	 1.8162 
212.2986 	 920.9386 	 1.5188 
212.3021 	 913.7821 	 1.8803 
212.3056 	 942.6280 	 1.8430 
212.3090 	 826.8455 	 1.2446 
212.3125 	 787.8840 	 1.7577 
212.3160 	 856.8455 	 1.4378 
212.3194 	 827.4061 	 1.3993 
212.3229 	 807.5322 	 1.6524 
212.3264 	 858.7543 	 1.5529 
212.3299 	 886.5880 	 1.6094 
212.3333 	 827.5768 	 1.5017 
212.3368 	 832.3718 	 1.6239 
212.3403 	 802.4744 	 1.8601 
212.3438 	 828.3120 	 1.2607 
212.3472 	 838.1058 	 1.6041 
212.3507 	 866.4744 	 1.3889 
212.3542 	 813.2594 	 1.4676 
212.3576 	 841.8803 	 1.7735 
212.3611 	 856.9692 	 1.6610 
212.3646 	 874.0129 	 1.3734 
212.3681 	 868.8225 	 1.6894 
212.3715 	 868.7768 	 1.8240 
212.3750 	 875.6655 	 2.0478 
212.3785 	 867.5536 	 1.6953 
212.3819 	 795.3072 	 1.6382 
212.3854 	 821.4378 	 1.7382 
212.3889 	 866.2969 	 1.7235 
212.3924 	 872.0299 	 1.3889 
212.3958 	 865.1877 	 1.7747 
212.3993 	 821.2179 	 1.4957 
212.4028 	 843.3788 	 1.8430 
212.4063 	 828.1624 	 1.5171 
212.4097 	 845.8021 	 1.6041 
212.4132 	 834.9573 	 1.6880 
212.4167 	 828.2253 	 1.8259 
212.4201 	 793.3906 	 1.6094 
212.4236 	 814.5051 	 1.4846 
212.4271 	 815.9227 	 1.8670 
212.4306 	 800.6485 	 1.5358 
212.4340 	 794.7425 	 1.8884 
212.4375 	 783.0717 	 1.3993 
212.4410 	 775.9871 	 1.7811 
212.4444 	 770.2218 	 1.6382 
212.4479 	 740.3632 	 1.7094 
212.4514 	 748.0887 	 1.7918 
212.4549 	 739.4658 	 1.6667 
212.4583 	 710.9727 	 1.6724 
212.4618 	 713.9744 	 1.5385 
212.4653 	 711.5188 	 1.7235 
212.4688 	 700.4274 	 1.7949 
212.4722 	 685.5973 	 1.4334 
212.4757 	 665.1717 	 1.5451 
212.4792 	 655.6997 	 1.6724 
212.4826 	 647.8755 	 1.6309 
212.4861 	 640.4778 	 1.6894 
212.4896 	 638.5991 	 1.5302 
212.4931 	 607.2184 	 1.8089 
212.4965 	 606.3949 	 1.4807 
212.5000 	 599.0102 	 1.5529 
212.5035 	 586.4957 	 1.3889 
212.5069 	 541.4846 	 1.5700 
212.5104 	 516.1325 	 1.5385 
212.5139 	 486.5529 	 1.1604 
212.5174 	 478.8034 	 1.5385 
212.5208 	 450.5120 	 1.2969 
212.5243 	 459.9786 	 1.1752 
212.5278 	 445.9044 	 1.6724 
212.5313 	 420.1288 	 1.3948 
212.5347 	 410.2730 	 1.3993 
212.5382 	 411.5451 	 1.5880 
212.5417 	 392.4232 	 1.1433 
212.5451 	 388.8197 	 1.5880 
212.5486 	 382.2014 	 1.5358 
212.5521 	 364.6567 	 1.5236 
212.5556 	 342.3549 	 0.9044 
212.5590 	 340.6624 	 1.3889 
212.5625 	 346.6212 	 1.5017 
212.5660 	 331.9658 	 1.3462 
212.5694 	 326.5529 	 1.5017 
212.5729 	 319.5299 	 1.6667 
212.5764 	 318.3788 	 1.5188 
212.5799 	 306.0684 	 1.3675 
212.5833 	 296.9454 	 1.3140 
212.5868 	 292.3391 	 1.4378 
212.5903 	 280.9215 	 1.4334 
212.5938 	 261.5451 	 1.2446 
212.5972 	 256.0068 	 1.3140 
212.6007 	 252.6180 	 1.0944 
212.6042 	 265.0853 	 1.2799 
212.6076 	 280.5150 	 1.5236 
212.6111 	 271.8089 	 1.3823 
212.6146 	 276.7811 	 1.0730 
212.6181 	 276.6382 	 1.3993 
212.6215 	 261.8162 	 1.1538 
212.6250 	 253.4812 	 1.2969 
212.6285 	 231.9231 	 1.5171 
212.6319 	 238.5154 	 1.3311 
212.6354 	 241.5451 	 1.2017 
212.6389 	 239.1809 	 1.3481 
212.6424 	 239.1202 	 1.0944 
212.6458 	 233.7372 	 1.6382 
212.6493 	 216.5022 	 1.3090 
212.6528 	 233.4983 	 0.9898 
212.6563 	 223.3047 	 1.2661 
212.6597 	 218.3447 	 1.3140 
212.6632 	 214.5064 	 1.8240 
212.6667 	 199.5222 	 1.4164 
212.6701 	 203.3120 	 1.1538 
212.6736 	 199.1979 	 1.3993 
212.6771 	 203.2906 	 1.1966 
212.6806 	 187.3550 	 0.9556 
212.6840 	 194.1239 	 1.1752 
212.6875 	 205.4266 	 1.2287 
212.6910 	 203.4335 	 1.2017 
212.6944 	 199.7099 	 1.3652 
212.6979 	 202.1245 	 0.9657 
212.7014 	 189.2662 	 1.1604 
212.7049 	 173.5193 	 1.2017 
212.7083 	 169.3003 	 0.8532 
212.7118 	 167.5751 	 1.0730 
212.7153 	 168.8396 	 1.2799 
212.7188 	 170.7511 	 1.4378 
212.7222 	 160.4607 	 1.1945 
212.7257 	 150.9829 	 1.4316 
212.7292 	 146.1775 	 1.3823 
212.7326 	 139.5513 	 1.1325 
212.7361 	 133.6860 	 1.1604 
212.7396 	 132.6709 	 1.0470 
212.7431 	 132.0719 	 1.2158 
212.7465 	 129.8498 	 1.3090 
212.7500 	 127.6109 	 1.3311 
212.7535 	 121.9957 	 1.1588 
212.7569 	 128.6348 	 1.2287 
212.7604 	 144.5494 	 1.1159 
212.7639 	 147.4573 	 1.1263 
212.7674 	 146.0515 	 1.3948 
212.7708 	 137.5768 	 1.1092 
212.7743 	 142.1245 	 0.9657 
212.7778 	 142.9693 	 1.2116 
212.7813 	 134.9359 	 1.0897 
212.7847 	 141.0922 	 1.4164 
212.7882 	 151.2180 	 1.0684 
212.7917 	 152.0478 	 1.1263 
212.7951 	 152.6709 	 1.2607 
212.7986 	 140.0171 	 1.4846 
212.8021 	 127.2318 	 1.6094 
212.8056 	 126.5529 	 1.2457 
212.8090 	 129.9142 	 1.1803 
212.8125 	 131.7235 	 0.9215 
212.8160 	 132.5751 	 1.1373 
212.8194 	 141.0580 	 1.1775 
212.8229 	 136.6738 	 1.1803 
212.8264 	 131.0239 	 1.2116 
212.8299 	 131.6094 	 1.0944 
212.8333 	 126.8259 	 1.2799 
212.8368 	 124.2521 	 1.3248 
212.8403 	 124.9488 	 1.1433 
212.8438 	 123.8034 	 1.1325 
212.8472 	 114.2833 	 1.0922 
212.8507 	 118.8889 	 1.1325 
212.8542 	 115.2048 	 1.4164 
212.8576 	 101.1588 	 1.0086 
212.8611 	 104.0956 	 1.1604 
212.8646 	 100.0644 	 1.0730 
212.8681 	 104.3151 	 1.4041 
212.8715 	 112.1030 	 1.3519 
212.8750 	 107.7304 	 1.2457 
212.8785 	 110.8369 	 1.1373 
212.8819 	 118.1570 	 1.1604 
212.8854 	 126.9957 	 1.1373 
212.8889 	 138.8567 	 1.3311 
212.8924 	 140.1709 	 0.8333 
212.8958 	 141.4164 	 0.9556 
212.8993 	 147.3504 	 1.2607 
212.9028 	 157.0307 	 1.2457 
212.9063 	 165.6410 	 1.1325 
212.9097 	 160.9044 	 1.2287 
212.9132 	 173.0257 	 1.1588 
212.9167 	 184.6928 	 1.2628 
212.9201 	 191.0730 	 1.3948 
212.9236 	 203.5324 	 1.1775 
212.9271 	 218.4549 	 1.3519 
212.9306 	 225.1024 	 1.3652 
212.9340 	 235.9013 	 1.3090 
212.9375 	 243.7713 	 1.2116 
212.9410 	 249.6996 	 1.3734 
212.9444 	 252.6280 	 1.3652 
212.9479 	 256.4744 	 1.3675 
212.9514 	 265.4266 	 1.0410 
212.9549 	 263.1624 	 1.2821 
212.9583 	 266.5358 	 1.1775 
212.9618 	 273.3120 	 1.5171 
212.9653 	 264.1809 	 1.2969 
212.9688 	 295.1717 	 1.1373 
212.9722 	 279.6075 	 1.2287 
212.9757 	 279.4850 	 1.4163 
212.9792 	 279.4027 	 1.2457 
212.9826 	 305.7081 	 1.2232 
212.9861 	 311.1604 	 1.4164 
212.9896 	 313.1545 	 0.9013 
212.9931 	 334.6062 	 1.1130 
212.9965 	 361.5451 	 1.2446 
213.0000 	 370.1365 	 1.2799 
