Time-Day of Year 	 Electron flux 	 Proton flux 	 (Flux in the units of counts/sq cm.sec.sr) 
163.0035 	 28.7884 	 0.8191 
163.0069 	 29.8077 	 0.7906 
163.0104 	 34.2321 	 0.7167 
163.0139 	 33.9957 	 0.6624 
163.0174 	 34.7611 	 0.6826 
163.0208 	 36.7167 	 0.5579 
163.0243 	 37.6109 	 0.8874 
163.0278 	 38.1545 	 1.0730 
163.0313 	 36.2969 	 0.7509 
163.0347 	 37.5751 	 0.7511 
163.0382 	 41.7577 	 0.6997 
163.0417 	 40.8369 	 0.9013 
163.0451 	 43.4130 	 0.6655 
163.0486 	 42.0386 	 0.7511 
163.0521 	 44.8976 	 0.9044 
163.0556 	 43.5043 	 0.7906 
163.0590 	 42.6792 	 0.6485 
163.0625 	 43.9316 	 0.7265 
163.0660 	 45.6655 	 0.8362 
163.0694 	 44.6795 	 0.7692 
163.0729 	 46.6952 	 0.6849 
163.0764 	 45.7511 	 0.6438 
163.0799 	 47.0307 	 0.8532 
163.0833 	 47.5536 	 0.7511 
163.0868 	 51.3823 	 0.5461 
163.0903 	 50.2146 	 0.5579 
163.0938 	 54.3003 	 0.9044 
163.0972 	 52.9614 	 0.9227 
163.1007 	 55.5290 	 0.8703 
163.1042 	 57.1888 	 0.7082 
163.1076 	 61.5870 	 1.1604 
163.1111 	 66.6239 	 0.8974 
163.1146 	 72.2867 	 0.9215 
163.1181 	 93.3120 	 1.1966 
163.1215 	 125.5631 	 1.3823 
163.1250 	 127.9274 	 0.8547 
163.1285 	 116.5700 	 1.3652 
163.1319 	 117.0601 	 1.2876 
163.1354 	 108.3959 	 1.0068 
163.1389 	 103.4549 	 0.8369 
163.1424 	 92.8157 	 0.9898 
163.1458 	 101.7167 	 0.7082 
163.1493 	 102.7986 	 0.8191 
163.1528 	 103.3691 	 0.9871 
163.1563 	 103.2082 	 0.7850 
163.1597 	 101.8670 	 0.6867 
163.1632 	 98.3106 	 0.9044 
163.1667 	 121.8162 	 1.0043 
163.1701 	 97.0478 	 0.9044 
163.1736 	 96.3675 	 1.0684 
163.1771 	 89.5563 	 0.9556 
163.1806 	 82.7137 	 0.8974 
163.1840 	 85.2730 	 0.9386 
163.1875 	 81.3462 	 0.9188 
163.1910 	 77.1160 	 0.7509 
163.1944 	 75.9483 	 0.6681 
163.1979 	 72.8157 	 0.7509 
163.2014 	 87.8326 	 1.0944 
163.2049 	 83.7884 	 0.9215 
163.2083 	 84.6137 	 0.7296 
163.2118 	 86.3311 	 0.7679 
163.2153 	 98.1116 	 0.7296 
163.2188 	 128.6007 	 1.0751 
163.2222 	 116.3461 	 0.8761 
163.2257 	 88.4812 	 0.8874 
163.2292 	 90.0214 	 0.8333 
163.2326 	 90.7167 	 0.9898 
163.2361 	 83.8034 	 0.9188 
163.2396 	 82.7133 	 0.8362 
163.2431 	 78.5256 	 0.9402 
163.2465 	 72.9010 	 0.7679 
163.2500 	 72.0601 	 0.8155 
163.2535 	 66.0580 	 0.6314 
163.2569 	 70.9442 	 0.7940 
163.2604 	 70.1365 	 0.8020 
163.2639 	 70.5365 	 0.9871 
163.2674 	 70.8362 	 0.6826 
163.2708 	 74.1202 	 0.7296 
163.2743 	 72.5427 	 0.7167 
163.2778 	 80.5128 	 0.8974 
163.2813 	 86.1433 	 0.9386 
163.2847 	 91.3889 	 0.6624 
163.2882 	 94.1638 	 0.9727 
163.2917 	 93.8034 	 0.8547 
163.2951 	 90.3072 	 0.8532 
163.2986 	 89.4658 	 0.8333 
163.3021 	 87.5768 	 0.9556 
163.3056 	 82.1459 	 0.9442 
163.3090 	 83.1399 	 0.7679 
163.3125 	 82.0172 	 0.8369 
163.3160 	 82.2260 	 0.8562 
163.3194 	 83.3262 	 0.6652 
163.3229 	 85.8532 	 0.9215 
163.3264 	 85.3648 	 0.9871 
163.3299 	 92.6280 	 1.0410 
163.3333 	 98.7124 	 0.9657 
163.3368 	 92.9863 	 1.0068 
163.3403 	 93.3333 	 1.0043 
163.3438 	 95.6997 	 0.9727 
163.3472 	 93.5043 	 1.1325 
163.3507 	 83.8567 	 0.7509 
163.3542 	 87.9060 	 0.7692 
163.3576 	 94.9317 	 0.9898 
163.3611 	 92.7253 	 0.9013 
163.3646 	 90.7679 	 0.8874 
163.3681 	 84.6567 	 0.8798 
163.3715 	 83.4812 	 0.8020 
163.3750 	 92.7253 	 0.8798 
163.3785 	 97.2014 	 0.9386 
163.3819 	 96.8026 	 0.8584 
163.3854 	 91.3311 	 0.7850 
163.3889 	 83.8197 	 0.7940 
163.3924 	 90.5802 	 0.7338 
163.3958 	 93.9744 	 1.0897 
163.3993 	 102.8840 	 0.8362 
163.4028 	 101.3889 	 1.1111 
163.4063 	 98.1741 	 1.0239 
163.4097 	 102.0727 	 0.7906 
163.4132 	 101.9283 	 1.0239 
163.4167 	 95.3433 	 0.6652 
163.4201 	 101.5529 	 1.1092 
163.4236 	 101.5022 	 1.0515 
163.4271 	 102.2526 	 0.9215 
163.4306 	 92.9185 	 1.0086 
163.4340 	 93.7031 	 0.9044 
163.4375 	 88.5408 	 1.0730 
163.4410 	 87.0719 	 0.9418 
163.4444 	 88.0258 	 1.1373 
163.4479 	 83.0887 	 0.7679 
163.4514 	 88.8675 	 1.0684 
163.4549 	 91.9113 	 0.9215 
163.4583 	 85.5556 	 0.9615 
163.4618 	 85.6314 	 0.9215 
163.4653 	 89.1026 	 0.9402 
163.4688 	 88.4642 	 0.7679 
163.4722 	 91.1588 	 1.1373 
163.4757 	 93.7713 	 1.0922 
163.4792 	 84.7639 	 0.9013 
163.4826 	 79.0614 	 0.9556 
163.4861 	 66.5451 	 1.0730 
163.4896 	 76.6382 	 0.6997 
163.4931 	 85.6438 	 0.9013 
163.4965 	 86.3311 	 1.3140 
163.5000 	 85.7511 	 0.7082 
163.5035 	 97.7304 	 1.2628 
163.5069 	 94.0171 	 0.9402 
163.5104 	 89.5563 	 0.8703 
163.5139 	 80.4274 	 1.0470 
163.5174 	 90.5973 	 1.0239 
163.5208 	 75.7692 	 1.0043 
163.5243 	 78.7031 	 0.9386 
163.5278 	 85.4077 	 1.0730 
163.5313 	 79.0273 	 0.9044 
163.5347 	 80.2146 	 0.7296 
163.5382 	 80.7679 	 1.2969 
163.5417 	 75.1502 	 0.9442 
163.5451 	 85.7679 	 1.0239 
163.5486 	 64.8927 	 1.0515 
163.5521 	 74.8805 	 1.1092 
163.5556 	 78.2618 	 0.9657 
163.5590 	 72.5256 	 0.6314 
163.5625 	 69.1416 	 0.8584 
163.5660 	 63.7884 	 0.7509 
163.5694 	 65.3205 	 0.9829 
163.5729 	 60.9898 	 0.7679 
163.5764 	 62.8419 	 1.0043 
163.5799 	 58.6860 	 0.8532 
163.5833 	 61.6738 	 0.9442 
163.5868 	 56.8771 	 0.8191 
163.5903 	 60.5794 	 0.9227 
163.5938 	 55.4778 	 0.7167 
163.5972 	 57.3176 	 0.8798 
163.6007 	 49.0444 	 0.7338 
163.6042 	 50.5150 	 0.9657 
163.6076 	 44.3174 	 0.7679 
163.6111 	 42.1459 	 0.7940 
163.6146 	 45.3925 	 0.9215 
163.6181 	 45.2564 	 0.8333 
163.6215 	 44.0273 	 0.7679 
163.6250 	 38.2265 	 0.9615 
163.6285 	 38.3447 	 0.7338 
163.6319 	 40.8547 	 0.9188 
163.6354 	 39.9829 	 0.7850 
163.6389 	 37.0172 	 0.7511 
163.6424 	 42.2867 	 0.9044 
163.6458 	 41.6309 	 0.8155 
163.6493 	 39.4027 	 0.8020 
163.6528 	 38.9485 	 0.4936 
163.6563 	 37.6109 	 1.0239 
163.6597 	 37.2532 	 0.9013 
163.6632 	 36.4164 	 1.0751 
163.6667 	 36.8670 	 0.6867 
163.6701 	 34.8123 	 1.0239 
163.6736 	 35.7479 	 1.0470 
163.6771 	 35.2560 	 0.9215 
163.6806 	 35.2991 	 0.8333 
163.6840 	 33.2423 	 0.9044 
163.6875 	 34.3991 	 1.0730 
163.6910 	 33.4471 	 0.9898 
163.6944 	 33.1760 	 0.6867 
163.6979 	 32.9010 	 0.7850 
163.7014 	 32.6609 	 0.9442 
163.7049 	 30.9044 	 0.8703 
163.7083 	 31.9528 	 0.9227 
163.7118 	 33.2253 	 0.7338 
163.7153 	 33.8412 	 0.9657 
163.7188 	 33.9420 	 0.8362 
163.7222 	 32.9185 	 1.0300 
163.7257 	 32.0137 	 0.7679 
163.7292 	 33.2906 	 1.1538 
163.7326 	 30.2730 	 0.8703 
163.7361 	 29.2308 	 0.8120 
163.7396 	 29.1297 	 0.9898 
163.7431 	 28.4402 	 0.9615 
163.7465 	 28.9590 	 1.2799 
163.7500 	 27.9614 	 0.9442 
163.7535 	 26.5358 	 1.0239 
163.7569 	 26.8455 	 1.0300 
163.7604 	 26.6724 	 0.9044 
163.7639 	 25.6223 	 0.8584 
163.7674 	 26.9625 	 0.9556 
163.7708 	 26.0515 	 0.7940 
163.7743 	 26.4505 	 0.8362 
163.7778 	 27.6824 	 0.7940 
163.7813 	 26.6212 	 0.8532 
163.7847 	 25.3205 	 0.8761 
163.7882 	 24.7782 	 1.0410 
163.7917 	 26.7735 	 0.9829 
163.7951 	 25.4608 	 0.7338 
163.7986 	 26.2179 	 0.9402 
163.8021 	 23.8055 	 0.8874 
163.8056 	 24.8712 	 0.8155 
163.8090 	 25.1024 	 1.0068 
163.8125 	 23.7500 	 1.2284 
163.8160 	 22.7645 	 0.6826 
163.8194 	 25.3219 	 1.0515 
163.8229 	 25.8020 	 0.6485 
163.8264 	 21.6524 	 0.9442 
163.8299 	 24.7440 	 0.6485 
163.8333 	 23.4549 	 0.8369 
163.8368 	 25.4266 	 1.0239 
163.8403 	 24.7222 	 0.8120 
163.8438 	 21.1263 	 1.0239 
163.8472 	 22.3291 	 0.8547 
163.8507 	 25.9044 	 1.1092 
163.8542 	 24.7863 	 0.7051 
163.8576 	 23.1911 	 0.7338 
163.8611 	 22.3820 	 0.8798 
163.8646 	 24.0956 	 0.8532 
163.8681 	 23.2189 	 0.5794 
163.8715 	 23.6177 	 0.7850 
163.8750 	 19.8498 	 0.9442 
163.8785 	 21.1604 	 0.6143 
163.8819 	 21.8455 	 0.7511 
163.8854 	 21.5017 	 0.7509 
163.8889 	 21.2876 	 0.9227 
163.8924 	 19.1809 	 0.7167 
163.8958 	 18.0556 	 0.8547 
163.8993 	 18.8055 	 0.7167 
163.9028 	 18.3974 	 0.7051 
163.9063 	 20.2218 	 1.0922 
163.9097 	 23.0342 	 0.5983 
163.9132 	 23.1058 	 0.8191 
163.9167 	 25.9442 	 1.1373 
163.9201 	 26.6041 	 1.2969 
163.9236 	 26.3519 	 0.9871 
163.9271 	 26.4846 	 0.7167 
163.9306 	 27.9399 	 1.0300 
163.9340 	 26.0788 	 0.6849 
163.9375 	 25.6223 	 0.6223 
163.9410 	 27.8498 	 0.7338 
163.9444 	 30.7511 	 0.9442 
163.9479 	 29.4881 	 0.8020 
163.9514 	 30.4487 	 0.6838 
163.9549 	 31.5017 	 0.8532 
163.9583 	 31.7094 	 1.0043 
163.9618 	 31.0068 	 0.8703 
163.9653 	 28.2479 	 0.7479 
163.9688 	 26.1945 	 0.6485 
163.9722 	 26.4807 	 0.8584 
163.9757 	 31.8771 	 0.7167 
163.9792 	 32.4893 	 0.9013 
163.9826 	 32.1502 	 0.8362 
163.9861 	 33.6910 	 1.0086 
163.9896 	 34.5563 	 1.1092 
163.9931 	 37.5536 	 0.7511 
163.9965 	 33.7884 	 0.9386 
164.0000 	 38.4052 	 0.7543 
