Time-Day of Year 	 Electron flux 	 Proton flux 	 (Flux in the units of counts/sq cm.sec.sr) 
339.0035 	 3.1197 	 0.5128 
339.0069 	 2.5085 	 0.5119 
339.0104 	 2.6923 	 0.7479 
339.0139 	 3.0375 	 0.6143 
339.0174 	 2.5751 	 0.4936 
339.0208 	 2.9352 	 0.4266 
339.0243 	 2.5216 	 0.6034 
339.0278 	 2.8253 	 0.5137 
339.0313 	 2.9185 	 0.7940 
339.0347 	 3.8225 	 0.6826 
339.0382 	 4.4397 	 0.9052 
339.0417 	 4.0785 	 0.8020 
339.0451 	 5.1717 	 0.7511 
339.0486 	 4.8976 	 0.7338 
339.0521 	 4.7650 	 0.8120 
339.0556 	 5.6826 	 0.9044 
339.0590 	 5.1496 	 1.0470 
339.0625 	 5.7679 	 0.9044 
339.0660 	 5.8120 	 0.9829 
339.0694 	 6.2969 	 0.8362 
339.0729 	 6.8455 	 0.6438 
339.0764 	 6.6212 	 1.1092 
339.0799 	 6.7457 	 1.0560 
339.0833 	 7.0648 	 0.9386 
339.0868 	 7.4464 	 0.8798 
339.0903 	 7.6621 	 1.1092 
339.0938 	 7.7253 	 0.9657 
339.0972 	 8.1570 	 0.8874 
339.1007 	 7.2103 	 0.9442 
339.1042 	 8.1399 	 0.7338 
339.1076 	 9.1845 	 1.0086 
339.1111 	 10.6314 	 1.0580 
339.1146 	 11.7735 	 1.0043 
339.1181 	 11.8259 	 0.9898 
339.1215 	 11.7735 	 1.0043 
339.1250 	 11.0239 	 0.9898 
339.1285 	 9.7639 	 1.0944 
339.1319 	 9.6075 	 1.2969 
339.1354 	 9.9785 	 1.2017 
339.1389 	 9.2833 	 0.9044 
339.1424 	 9.3348 	 1.1803 
339.1458 	 10.6655 	 0.9898 
339.1493 	 9.9356 	 0.8798 
339.1528 	 11.5870 	 1.1263 
339.1563 	 12.6824 	 1.0730 
339.1597 	 12.8498 	 0.9727 
339.1632 	 12.7991 	 1.2821 
339.1667 	 13.3106 	 1.2457 
339.1701 	 13.7607 	 1.1752 
339.1736 	 12.7304 	 1.3823 
339.1771 	 12.3504 	 1.2179 
339.1806 	 11.1945 	 1.0068 
339.1840 	 10.6009 	 0.9657 
339.1875 	 11.2969 	 1.0751 
339.1910 	 10.6009 	 1.3734 
339.1944 	 10.3925 	 0.8703 
339.1979 	 10.9013 	 1.1159 
339.2014 	 10.8191 	 1.1263 
339.2049 	 10.6009 	 1.0300 
339.2083 	 11.7577 	 1.1433 
339.2118 	 12.2103 	 1.1588 
339.2153 	 12.6621 	 0.9386 
339.2188 	 12.0940 	 1.3675 
339.2222 	 12.8157 	 1.0239 
339.2257 	 13.0128 	 1.2607 
339.2292 	 12.9281 	 1.0274 
339.2326 	 12.4786 	 1.0256 
339.2361 	 11.8771 	 1.0751 
339.2396 	 11.6094 	 0.9871 
339.2431 	 10.8703 	 1.0239 
339.2465 	 11.1373 	 0.9227 
339.2500 	 10.9898 	 1.1263 
339.2535 	 10.0000 	 0.9442 
339.2569 	 10.1706 	 0.9044 
339.2604 	 9.5923 	 1.3090 
339.2639 	 10.2218 	 0.9727 
339.2674 	 10.3863 	 0.8584 
339.2708 	 9.5392 	 1.1604 
339.2743 	 11.1966 	 1.3034 
339.2778 	 11.9966 	 1.3140 
339.2813 	 13.2692 	 1.0684 
339.2847 	 13.8225 	 1.3823 
339.2882 	 15.7479 	 0.9615 
339.2917 	 13.7884 	 0.8532 
339.2951 	 13.2403 	 1.2232 
339.2986 	 12.3208 	 1.0239 
339.3021 	 11.6309 	 1.1588 
339.3056 	 13.0717 	 1.0410 
339.3090 	 12.4678 	 1.3519 
339.3125 	 12.4403 	 1.3993 
339.3160 	 13.3047 	 1.0944 
339.3194 	 13.5154 	 0.9215 
339.3229 	 13.5622 	 0.7940 
339.3264 	 15.0512 	 1.0239 
339.3299 	 18.2479 	 1.0684 
339.3333 	 18.0546 	 1.1092 
339.3368 	 18.9103 	 1.0897 
339.3403 	 21.9625 	 0.8020 
339.3438 	 17.0172 	 1.2661 
339.3472 	 17.5427 	 1.0239 
339.3507 	 17.7682 	 1.4807 
339.3542 	 15.5802 	 1.1604 
339.3576 	 14.4850 	 0.8155 
339.3611 	 15.6997 	 1.0580 
339.3646 	 15.6009 	 0.9013 
339.3681 	 15.8191 	 1.0751 
339.3715 	 15.8369 	 1.2876 
339.3750 	 12.3549 	 0.9556 
339.3785 	 12.0815 	 1.2232 
339.3819 	 9.9829 	 0.8191 
339.3854 	 9.0812 	 0.8974 
339.3889 	 8.6519 	 1.0239 
339.3924 	 7.9487 	 1.0043 
339.3958 	 8.5324 	 0.9727 
339.3993 	 6.9017 	 0.8333 
339.4028 	 6.1945 	 0.7679 
339.4063 	 6.8803 	 1.0470 
339.4097 	 6.3699 	 0.6507 
339.4132 	 6.4957 	 0.9402 
339.4167 	 8.3562 	 0.8048 
339.4201 	 8.9103 	 0.9402 
339.4236 	 7.8596 	 0.8562 
339.4271 	 8.8034 	 0.7906 
339.4306 	 9.0240 	 0.8219 
339.4340 	 9.5726 	 0.7479 
339.4375 	 12.4829 	 0.8733 
339.4410 	 14.8298 	 0.7872 
339.4444 	 16.9521 	 1.0788 
339.4479 	 17.5745 	 1.2553 
339.4514 	 16.3699 	 1.1301 
339.4549 	 16.8723 	 1.1702 
339.4583 	 14.0068 	 1.1986 
339.4618 	 15.2340 	 1.0638 
339.4653 	 13.3849 	 1.1168 
339.4688 	 14.7436 	 1.1538 
339.4722 	 17.1724 	 1.2931 
339.4757 	 17.2458 	 1.3136 
339.4792 	 23.7069 	 0.9828 
339.4826 	 22.2458 	 1.0593 
339.4861 	 20.0172 	 1.0517 
339.4896 	 16.6737 	 1.1653 
339.4931 	 13.8276 	 0.8276 
339.4965 	 10.0844 	 0.8228 
339.5000 	 11.9655 	 1.1034 
339.5035 	 11.9620 	 0.8861 
339.5069 	 11.8103 	 0.9310 
339.5104 	 12.1308 	 0.8861 
339.5139 	 11.4655 	 1.0000 
339.5174 	 12.1730 	 1.1181 
339.5208 	 12.3276 	 0.9655 
339.5243 	 11.4979 	 0.9494 
339.5278 	 11.0554 	 0.9343 
339.5313 	 10.0000 	 0.9494 
339.5347 	 9.4464 	 0.8824 
339.5382 	 9.1772 	 0.7806 
339.5417 	 7.8893 	 0.7785 
339.5451 	 6.8776 	 0.9705 
339.5486 	 7.0934 	 0.7785 
339.5521 	 6.7089 	 0.5274 
339.5556 	 6.0035 	 0.8131 
339.5590 	 5.0630 	 0.5882 
339.5625 	 4.5502 	 0.6055 
339.5660 	 3.9706 	 0.4622 
339.5694 	 4.6540 	 0.7266 
339.5729 	 5.1891 	 0.7773 
339.5764 	 6.1592 	 0.6747 
339.5799 	 5.6092 	 0.7563 
339.5833 	 6.8293 	 1.0279 
339.5868 	 8.2845 	 0.8577 
339.5903 	 6.7247 	 0.7317 
339.5938 	 8.6192 	 0.9623 
339.5972 	 12.8223 	 0.8537 
339.6007 	 22.2803 	 0.8368 
339.6042 	 32.9268 	 1.1324 
339.6076 	 34.4770 	 1.4644 
339.6111 	 33.2927 	 1.4286 
339.6146 	 32.4167 	 1.1875 
339.6181 	 39.1115 	 1.2544 
339.6215 	 35.7917 	 1.2917 
339.6250 	 32.6655 	 1.2892 
339.6285 	 30.8542 	 1.4167 
339.6319 	 29.3380 	 1.3240 
339.6354 	 26.0000 	 1.0000 
339.6389 	 26.1189 	 1.0839 
339.6424 	 21.9583 	 1.2500 
339.6458 	 13.4965 	 1.1189 
339.6493 	 4.3542 	 0.9167 
339.6528 	 3.8462 	 0.7692 
339.6563 	 6.1042 	 0.8333 
339.6597 	 7.2028 	 0.7867 
339.6632 	 20.3958 	 1.2917 
339.6667 	 22.3077 	 1.0490 
339.6701 	 8.1950 	 0.9336 
339.6736 	 4.5455 	 0.8741 
339.6771 	 5.3320 	 0.6846 
339.6806 	 8.9860 	 0.9790 
339.6840 	 5.2075 	 0.6639 
339.6875 	 4.7203 	 0.5420 
339.6910 	 3.6515 	 0.7054 
339.6944 	 3.0000 	 0.6842 
339.6979 	 3.2158 	 0.7261 
339.7014 	 3.6796 	 0.6866 
339.7049 	 6.0124 	 0.4339 
339.7083 	 16.9894 	 1.1796 
339.7118 	 14.6694 	 0.9298 
339.7153 	 17.6937 	 0.8451 
339.7188 	 16.4050 	 1.0331 
339.7222 	 19.6479 	 0.9683 
339.7257 	 26.4198 	 1.1934 
339.7292 	 33.6620 	 1.2852 
339.7326 	 31.8313 	 1.5226 
339.7361 	 27.4472 	 1.2676 
339.7396 	 26.1523 	 1.2346 
339.7431 	 23.3803 	 1.0211 
339.7465 	 22.6955 	 1.0082 
339.7500 	 19.5053 	 1.1131 
339.7535 	 13.5391 	 1.0082 
339.7569 	 13.6396 	 0.9187 
339.7604 	 10.4938 	 0.8025 
339.7639 	 6.0424 	 0.6714 
339.7674 	 5.9259 	 1.0700 
339.7708 	 5.3534 	 0.9717 
339.7743 	 4.1564 	 0.6996 
339.7778 	 4.2403 	 0.8304 
339.7813 	 2.9508 	 0.7377 
339.7847 	 2.4912 	 0.3004 
339.7882 	 2.4180 	 0.5533 
339.7917 	 2.4382 	 0.6007 
339.7951 	 2.7049 	 0.5533 
339.7986 	 7.5618 	 0.9541 
339.8021 	 16.4959 	 0.9836 
339.8056 	 21.6489 	 1.4362 
339.8090 	 21.0246 	 1.0451 
339.8125 	 10.0890 	 0.8719 
339.8160 	 4.0816 	 0.6735 
339.8194 	 3.0783 	 0.5872 
339.8229 	 2.9592 	 0.7347 
339.8264 	 2.8470 	 0.5516 
339.8299 	 3.4286 	 0.6327 
339.8333 	 3.4164 	 0.7117 
339.8368 	 5.0813 	 0.8740 
339.8403 	 10.0534 	 0.8541 
339.8438 	 12.8252 	 0.9959 
339.8472 	 8.5053 	 0.7829 
339.8507 	 7.8659 	 0.8740 
339.8542 	 7.0641 	 0.9964 
339.8576 	 4.7967 	 0.5081 
339.8611 	 3.2143 	 0.5357 
339.8646 	 2.5203 	 0.5081 
339.8681 	 2.7679 	 0.4821 
339.8715 	 1.9106 	 0.3455 
339.8750 	 2.5357 	 0.5357 
339.8785 	 3.2724 	 0.5691 
339.8819 	 3.3214 	 0.5357 
339.8854 	 2.7236 	 0.4878 
339.8889 	 1.7857 	 0.3929 
339.8924 	 2.2065 	 0.4656 
339.8958 	 3.0714 	 0.5893 
339.8993 	 4.5749 	 0.7490 
339.9028 	 6.9643 	 1.1250 
339.9063 	 7.1862 	 0.6073 
339.9097 	 9.1786 	 0.8036 
339.9132 	 6.4777 	 0.8097 
339.9167 	 9.1398 	 0.8961 
339.9201 	 13.4413 	 0.9717 
339.9236 	 22.5806 	 1.0573 
339.9271 	 28.4413 	 0.9514 
339.9306 	 32.8417 	 1.1151 
339.9340 	 37.4597 	 0.9677 
339.9375 	 38.4173 	 0.8094 
339.9410 	 30.7661 	 0.8871 
339.9444 	 38.6870 	 1.1511 
339.9479 	 32.9116 	 1.0843 
339.9514 	 55.5755 	 1.7626 
339.9549 	 61.0843 	 1.4257 
339.9583 	 38.0396 	 1.0971 
339.9618 	 35.4618 	 1.0442 
339.9653 	 31.6367 	 0.9173 
339.9688 	 33.5944 	 0.9839 
339.9722 	 32.3105 	 0.9928 
339.9757 	 33.1727 	 1.2450 
339.9792 	 31.6787 	 0.9928 
339.9826 	 33.6345 	 1.0241 
339.9861 	 35.8664 	 1.0830 
339.9896 	 40.3414 	 1.2651 
339.9931 	 41.4801 	 1.2455 
339.9965 	 43.2129 	 1.2851 
340.0000 	 45.3261 	 1.0870 
