Time-Day of Year 	 Electron flux 	 Proton flux 	 (Flux in the units of counts/sq cm.sec.sr) 
219.0035 	 663.3788 	 1.7235 
219.0069 	 690.5579 	 1.7167 
219.0104 	 688.1399 	 1.6724 
219.0139 	 695.7511 	 1.5451 
219.0174 	 677.8840 	 1.6553 
219.0208 	 698.8627 	 1.4807 
219.0243 	 725.3413 	 1.6041 
219.0278 	 742.6395 	 1.7167 
219.0313 	 732.3208 	 1.4676 
219.0347 	 755.4506 	 1.8455 
219.0382 	 745.4949 	 1.6894 
219.0417 	 774.3162 	 1.8162 
219.0451 	 790.9556 	 1.7577 
219.0486 	 829.8077 	 1.7521 
219.0521 	 836.1775 	 1.7065 
219.0556 	 860.0000 	 1.4744 
219.0590 	 829.8635 	 1.6041 
219.0625 	 828.8841 	 1.5451 
219.0660 	 837.0307 	 1.7577 
219.0694 	 835.8584 	 1.6953 
219.0729 	 838.4300 	 1.5529 
219.0764 	 829.9356 	 1.1803 
219.0799 	 848.2705 	 1.6267 
219.0833 	 899.0987 	 1.6309 
219.0868 	 877.2867 	 1.5188 
219.0903 	 857.6180 	 1.4163 
219.0938 	 889.1468 	 1.4164 
219.0972 	 905.4060 	 1.1966 
219.1007 	 950.2901 	 1.7065 
219.1042 	 964.2094 	 1.4530 
219.1076 	 994.9147 	 1.7406 
219.1111 	 1000.7906 	 1.6880 
219.1146 	 1020.1195 	 1.6382 
219.1181 	 1029.8069 	 1.8455 
219.1215 	 1045.2901 	 1.6553 
219.1250 	 1053.3476 	 1.6309 
219.1285 	 1035.6997 	 1.5188 
219.1319 	 1024.6996 	 1.8240 
219.1354 	 1019.0444 	 1.6041 
219.1389 	 1073.6052 	 1.5021 
219.1424 	 1072.7133 	 1.7918 
219.1458 	 1044.9142 	 1.6524 
219.1493 	 1041.4334 	 1.5188 
219.1528 	 1073.2051 	 1.8803 
219.1563 	 1077.7474 	 1.6724 
219.1597 	 1095.1068 	 1.4744 
219.1632 	 1124.7611 	 1.5700 
219.1667 	 1165.8120 	 1.6453 
219.1701 	 1187.9863 	 1.5870 
219.1736 	 1188.9700 	 1.8884 
219.1771 	 1110.7850 	 1.5358 
219.1806 	 1165.7082 	 1.4163 
219.1840 	 1173.3788 	 1.8259 
219.1875 	 1215.7082 	 1.4592 
219.1910 	 1207.9693 	 1.5870 
219.1944 	 1176.0515 	 1.8455 
219.1979 	 1138.4130 	 1.5358 
219.2014 	 1154.6567 	 1.5021 
219.2049 	 1202.4915 	 1.6894 
219.2083 	 1218.9270 	 2.1888 
219.2118 	 1321.2799 	 1.5529 
219.2153 	 1277.4786 	 1.9872 
219.2188 	 1216.5870 	 1.6553 
219.2222 	 1255.1496 	 1.5812 
219.2257 	 1301.4846 	 1.6553 
219.2292 	 1360.2361 	 1.8884 
219.2326 	 1329.5392 	 1.5700 
219.2361 	 1322.6395 	 1.6953 
219.2396 	 1291.1263 	 2.0137 
219.2431 	 1232.4034 	 1.3519 
219.2465 	 1210.0000 	 1.7235 
219.2500 	 1247.0172 	 1.7597 
219.2535 	 1352.5597 	 1.8771 
219.2569 	 1584.6352 	 1.8884 
219.2604 	 1415.1706 	 1.5017 
219.2639 	 1408.4829 	 1.5598 
219.2674 	 1280.9727 	 1.7065 
219.2708 	 1184.1667 	 1.3462 
219.2743 	 1258.9249 	 1.4676 
219.2778 	 1299.0385 	 1.4957 
219.2813 	 1331.4164 	 1.3993 
219.2847 	 1245.3648 	 1.6524 
219.2882 	 1200.6485 	 1.5188 
219.2917 	 1222.4464 	 1.5236 
219.2951 	 1300.3072 	 1.7406 
219.2986 	 1291.2661 	 1.6524 
219.3021 	 1115.9044 	 1.3993 
219.3056 	 1189.8712 	 1.6738 
219.3090 	 1131.9283 	 1.6724 
219.3125 	 1270.7082 	 1.8240 
219.3160 	 1321.5870 	 1.7406 
219.3194 	 1324.8504 	 1.7521 
219.3229 	 1305.7850 	 1.7065 
219.3264 	 1349.2094 	 1.8376 
219.3299 	 1365.1536 	 1.3993 
219.3333 	 1372.5855 	 1.6880 
219.3368 	 1328.7842 	 1.8836 
219.3403 	 1306.7811 	 1.7382 
219.3438 	 1336.8430 	 1.8942 
219.3472 	 1321.8455 	 1.7597 
219.3507 	 1320.9386 	 1.7235 
219.3542 	 1313.6266 	 1.9099 
219.3576 	 1252.6621 	 1.6894 
219.3611 	 1242.2532 	 1.5880 
219.3646 	 1264.3003 	 1.5358 
219.3681 	 1257.7253 	 1.6524 
219.3715 	 1161.7235 	 1.5358 
219.3750 	 1449.4444 	 1.7949 
219.3785 	 1230.8191 	 1.8942 
219.3819 	 1106.4103 	 1.5598 
219.3854 	 1230.1024 	 1.7747 
219.3889 	 1388.3547 	 1.5598 
219.3924 	 1282.8157 	 1.6041 
219.3958 	 1299.2489 	 1.5451 
219.3993 	 1286.4505 	 1.5870 
219.4028 	 1244.0558 	 1.7382 
219.4063 	 1259.5392 	 1.7747 
219.4097 	 1286.1588 	 1.6094 
219.4132 	 1320.2218 	 1.5188 
219.4167 	 1349.9571 	 1.3948 
219.4201 	 1313.2423 	 1.4676 
219.4236 	 1259.0773 	 1.5236 
219.4271 	 1278.4983 	 1.7235 
219.4306 	 1240.2778 	 1.9872 
219.4340 	 1197.9863 	 1.6041 
219.4375 	 1149.2949 	 1.5598 
219.4410 	 1157.7304 	 1.5700 
219.4444 	 1315.1709 	 1.4744 
219.4479 	 1275.3072 	 1.3481 
219.4514 	 1261.4163 	 1.2232 
219.4549 	 1202.4232 	 1.5529 
219.4583 	 1221.8670 	 1.4378 
219.4618 	 1216.2671 	 1.5925 
219.4653 	 1174.0086 	 1.4655 
219.4688 	 1155.5119 	 1.5017 
219.4722 	 1126.0515 	 1.4378 
219.4757 	 1081.9454 	 1.3311 
219.4792 	 1026.9742 	 1.5451 
219.4826 	 895.3413 	 1.3993 
219.4861 	 783.0128 	 1.2821 
219.4896 	 732.3720 	 1.5529 
219.4931 	 614.5086 	 1.3889 
219.4965 	 680.1024 	 1.5529 
219.5000 	 621.6239 	 1.7735 
219.5035 	 596.7406 	 1.1604 
219.5069 	 636.5451 	 1.4592 
219.5104 	 507.4744 	 1.5358 
219.5139 	 565.7725 	 1.6953 
219.5174 	 576.5870 	 1.3993 
219.5208 	 551.6738 	 1.8026 
219.5243 	 536.9625 	 1.3652 
219.5278 	 541.9957 	 1.4592 
219.5313 	 512.5085 	 1.5358 
219.5347 	 494.2489 	 1.6953 
219.5382 	 479.1297 	 1.4505 
219.5417 	 440.0214 	 1.7521 
219.5451 	 450.6314 	 1.5529 
219.5486 	 447.8205 	 1.7094 
219.5521 	 474.9488 	 1.2799 
219.5556 	 496.3248 	 1.1325 
219.5590 	 484.3345 	 1.5188 
219.5625 	 498.6481 	 1.4378 
219.5660 	 504.9147 	 1.4505 
219.5694 	 533.5837 	 1.5665 
219.5729 	 522.7133 	 1.8771 
219.5764 	 511.2876 	 1.8884 
219.5799 	 556.6894 	 1.4676 
219.5833 	 513.2189 	 2.0172 
219.5868 	 511.5870 	 1.3823 
219.5903 	 508.8793 	 1.6164 
219.5938 	 473.5666 	 1.2969 
219.5972 	 465.1709 	 1.3248 
219.6007 	 496.6894 	 1.5188 
219.6042 	 491.3889 	 1.6026 
219.6076 	 476.0922 	 1.5188 
219.6111 	 471.3248 	 1.7949 
219.6146 	 449.7270 	 1.5700 
219.6181 	 442.5966 	 1.5451 
219.6215 	 435.3925 	 1.4164 
219.6250 	 421.3519 	 1.3948 
219.6285 	 405.6143 	 1.7065 
219.6319 	 401.2232 	 1.3090 
219.6354 	 404.7611 	 1.3993 
219.6389 	 389.3133 	 1.3519 
219.6424 	 376.2457 	 1.3311 
219.6458 	 404.7640 	 1.5665 
219.6493 	 430.3413 	 1.6724 
219.6528 	 423.6325 	 1.4316 
219.6563 	 395.8703 	 1.3481 
219.6597 	 430.0214 	 1.3462 
219.6632 	 423.0887 	 1.2969 
219.6667 	 434.9786 	 0.9188 
219.6701 	 439.1468 	 1.2969 
219.6736 	 437.2961 	 1.2232 
219.6771 	 421.4505 	 1.4334 
219.6806 	 404.5708 	 1.5451 
219.6840 	 419.6246 	 1.5188 
219.6875 	 370.3219 	 1.6094 
219.6910 	 371.8942 	 1.3652 
219.6944 	 362.8755 	 1.3305 
219.6979 	 371.6894 	 1.5188 
219.7014 	 376.0086 	 1.3948 
219.7049 	 380.2901 	 1.4334 
219.7083 	 383.6538 	 1.4316 
219.7118 	 379.8293 	 1.2628 
219.7153 	 397.0172 	 1.8884 
219.7188 	 384.1809 	 1.4164 
219.7222 	 402.0940 	 1.6026 
219.7257 	 399.2321 	 1.3823 
219.7292 	 382.5751 	 1.5665 
219.7326 	 364.3686 	 1.1945 
219.7361 	 352.3391 	 1.5451 
219.7396 	 362.0307 	 1.3652 
219.7431 	 378.6266 	 1.5021 
219.7465 	 369.6246 	 1.5017 
219.7500 	 369.2060 	 1.3519 
219.7535 	 362.9352 	 1.1945 
219.7569 	 349.7650 	 1.6667 
219.7604 	 370.4608 	 1.7406 
219.7639 	 355.8333 	 1.9444 
219.7674 	 348.1229 	 1.6041 
219.7708 	 363.5256 	 1.2607 
219.7743 	 363.0034 	 1.5870 
219.7778 	 361.8590 	 1.3462 
219.7813 	 348.8396 	 1.5529 
219.7847 	 364.7210 	 1.2876 
219.7882 	 364.0102 	 1.3481 
219.7917 	 371.8240 	 1.6738 
219.7951 	 378.0205 	 1.3311 
219.7986 	 371.4807 	 1.4163 
219.8021 	 368.4812 	 1.1775 
219.8056 	 363.3906 	 1.1159 
219.8090 	 357.4061 	 1.7065 
219.8125 	 344.6368 	 1.1966 
219.8160 	 358.0375 	 1.2969 
219.8194 	 358.6325 	 1.3248 
219.8229 	 364.0444 	 1.2969 
219.8264 	 370.2564 	 1.4530 
219.8299 	 368.7201 	 1.2628 
219.8333 	 388.3120 	 1.3034 
219.8368 	 388.5666 	 1.4164 
219.8403 	 401.5302 	 1.5948 
219.8438 	 405.3925 	 1.3140 
219.8472 	 391.5665 	 1.2232 
219.8507 	 380.4949 	 1.4676 
219.8542 	 392.2747 	 1.6524 
219.8576 	 394.5563 	 1.2799 
219.8611 	 408.5622 	 1.3948 
219.8646 	 424.6928 	 1.3993 
219.8681 	 424.6795 	 1.7308 
219.8715 	 438.3959 	 1.4505 
219.8750 	 443.3120 	 1.4957 
219.8785 	 451.0239 	 1.6041 
219.8819 	 462.5855 	 1.5171 
219.8854 	 466.0751 	 1.5529 
219.8889 	 483.0983 	 1.5812 
219.8924 	 488.7884 	 1.5017 
219.8958 	 481.5451 	 1.4163 
219.8993 	 488.9420 	 1.5870 
219.9028 	 502.8755 	 1.3734 
219.9063 	 513.1399 	 1.4505 
219.9097 	 521.0730 	 1.5236 
219.9132 	 518.0205 	 1.3823 
219.9167 	 531.5880 	 1.6309 
219.9201 	 545.2901 	 1.1604 
219.9236 	 565.5128 	 1.4530 
219.9271 	 570.8703 	 1.4846 
219.9306 	 563.2265 	 1.6026 
219.9340 	 584.2150 	 1.6382 
219.9375 	 590.1496 	 1.4103 
219.9410 	 576.9966 	 1.5188 
219.9444 	 574.8712 	 1.5880 
219.9479 	 601.7577 	 1.6553 
219.9514 	 588.9485 	 1.7597 
219.9549 	 579.9147 	 1.6041 
219.9583 	 606.8240 	 1.5236 
219.9618 	 668.4130 	 1.5358 
219.9653 	 623.8841 	 1.2661 
219.9688 	 624.3836 	 1.5240 
219.9722 	 617.2961 	 1.5665 
219.9757 	 607.7304 	 1.5870 
219.9792 	 634.5940 	 1.3034 
219.9826 	 624.5904 	 1.9625 
219.9861 	 660.2564 	 1.6026 
219.9896 	 659.5734 	 1.3823 
219.9931 	 672.7778 	 1.5812 
219.9965 	 680.7338 	 1.4505 
220.0000 	 686.6524 	 1.5880 
