Time-Day of Year 	 Electron flux 	 Proton flux 	 (Flux in the units of counts/sq cm.sec.sr) 
315.0035 	 623.3691 	 1.6524 
315.0069 	 674.6758 	 1.8430 
315.0104 	 691.0256 	 1.9017 
315.0139 	 722.6450 	 1.6724 
315.0174 	 777.5214 	 1.6453 
315.0208 	 780.5461 	 1.5700 
315.0243 	 781.0684 	 1.7094 
315.0278 	 836.2457 	 1.4846 
315.0313 	 863.5408 	 1.9099 
315.0347 	 899.2150 	 2.1843 
315.0382 	 932.2103 	 1.8884 
315.0417 	 881.8942 	 1.7577 
315.0451 	 937.4678 	 1.8670 
315.0486 	 962.6962 	 1.8089 
315.0521 	 960.8155 	 1.9528 
315.0556 	 977.3550 	 1.6382 
315.0590 	 998.1197 	 1.6880 
315.0625 	 1027.4915 	 1.6724 
315.0660 	 1058.5043 	 1.4744 
315.0694 	 1013.0887 	 1.9113 
315.0729 	 1038.9957 	 1.6880 
315.0764 	 1127.0990 	 1.7577 
315.0799 	 1144.2094 	 1.9231 
315.0833 	 1052.6370 	 1.6267 
315.0868 	 1197.8112 	 1.8240 
315.0903 	 1192.0137 	 1.9795 
315.0938 	 1217.9828 	 1.8026 
315.0972 	 1239.0273 	 1.7406 
315.1007 	 1268.3476 	 1.7597 
315.1042 	 1323.8055 	 1.6382 
315.1076 	 1327.0601 	 1.6524 
315.1111 	 1319.8464 	 2.1672 
315.1146 	 1306.3889 	 1.7949 
315.1181 	 1303.5836 	 1.9795 
315.1215 	 1309.5726 	 2.0513 
315.1250 	 1380.1195 	 2.1502 
315.1285 	 1393.2479 	 2.2009 
315.1319 	 1419.9317 	 2.2184 
315.1354 	 1390.6624 	 2.3932 
315.1389 	 1377.2014 	 2.2014 
315.1424 	 1373.1974 	 2.2961 
315.1458 	 1372.5939 	 2.1502 
315.1493 	 1401.8026 	 1.8240 
315.1528 	 1431.3311 	 2.2184 
315.1563 	 1440.4077 	 1.5665 
315.1597 	 1479.1638 	 1.9795 
315.1632 	 1612.8541 	 1.8884 
315.1667 	 1304.3174 	 1.8089 
315.1701 	 1233.4402 	 2.0726 
315.1736 	 1353.6177 	 1.6382 
315.1771 	 1412.4573 	 2.2863 
315.1806 	 1560.3754 	 2.2014 
315.1840 	 1599.3590 	 2.3077 
315.1875 	 1634.8464 	 1.8771 
315.1910 	 1582.3718 	 1.6453 
315.1944 	 1543.6860 	 1.8771 
315.1979 	 1630.0858 	 1.7382 
315.2014 	 1601.5358 	 1.8601 
315.2049 	 1730.2802 	 1.7241 
315.2083 	 1592.2696 	 1.9283 
315.2118 	 1572.5751 	 1.8240 
315.2153 	 1386.5358 	 2.3208 
315.2188 	 1863.2833 	 1.9528 
315.2222 	 1499.2491 	 2.0137 
315.2257 	 1899.2735 	 1.8590 
315.2292 	 1734.0444 	 1.9625 
315.2326 	 1856.9231 	 1.8162 
315.2361 	 1713.3618 	 2.0990 
315.2396 	 1745.3419 	 2.1154 
315.2431 	 1681.1263 	 2.2184 
315.2465 	 1698.0556 	 1.8376 
315.2500 	 1835.5461 	 2.6109 
315.2535 	 1592.4678 	 1.7167 
315.2569 	 1589.0273 	 1.9283 
315.2604 	 1791.5451 	 1.8884 
315.2639 	 1748.9249 	 2.0648 
315.2674 	 1511.0086 	 1.9742 
315.2708 	 1660.7338 	 1.7235 
315.2743 	 1685.1288 	 2.0386 
315.2778 	 1718.1399 	 2.1331 
315.2813 	 1627.7468 	 2.3391 
315.2847 	 1598.4471 	 2.1502 
315.2882 	 1632.6282 	 2.2650 
315.2917 	 1599.3686 	 1.9113 
315.2951 	 1750.2137 	 2.1368 
315.2986 	 1681.7065 	 2.0990 
315.3021 	 1707.3718 	 2.3504 
315.3056 	 1653.9420 	 1.7065 
315.3090 	 1652.1459 	 2.3820 
315.3125 	 1580.9044 	 2.3379 
315.3160 	 1519.9571 	 2.0601 
315.3194 	 1578.1741 	 1.8942 
315.3229 	 1618.5408 	 2.0386 
315.3264 	 1521.6438 	 2.0205 
315.3299 	 1526.8240 	 2.1030 
315.3333 	 1585.8020 	 2.3891 
315.3368 	 1529.0773 	 2.0601 
315.3403 	 1595.1024 	 2.0648 
315.3438 	 1574.3162 	 1.9444 
315.3472 	 1467.7986 	 2.0137 
315.3507 	 1453.0556 	 2.0299 
315.3542 	 1375.5290 	 2.4232 
315.3576 	 1397.3077 	 2.0726 
315.3611 	 1635.9727 	 1.8771 
315.3646 	 1436.4592 	 1.9528 
315.3681 	 1514.2321 	 1.8771 
315.3715 	 1538.3691 	 1.7597 
315.3750 	 1614.6587 	 1.9795 
315.3785 	 1556.3090 	 2.1459 
315.3819 	 1519.1980 	 1.9113 
315.3854 	 1480.8155 	 1.9099 
315.3889 	 1390.6997 	 1.7235 
315.3924 	 1324.7425 	 2.0172 
315.3958 	 1296.1604 	 2.0137 
315.3993 	 1290.2137 	 2.0726 
315.4028 	 1356.8259 	 1.9113 
315.4063 	 1308.7607 	 2.3718 
315.4097 	 1319.6758 	 2.0990 
315.4132 	 1269.5940 	 1.8803 
315.4167 	 1212.6280 	 1.5870 
315.4201 	 1279.2060 	 1.6094 
315.4236 	 1231.2287 	 1.7065 
315.4271 	 1082.8755 	 1.4592 
315.4306 	 993.6519 	 1.9966 
315.4340 	 1110.4936 	 1.9313 
315.4375 	 1219.0102 	 2.0307 
315.4410 	 1236.2876 	 1.9313 
315.4444 	 1234.4710 	 1.7406 
315.4479 	 1263.2403 	 1.8884 
315.4514 	 1211.4384 	 1.7295 
315.4549 	 1195.4060 	 1.7521 
315.4583 	 1288.5836 	 1.8601 
315.4618 	 1371.8590 	 1.6239 
315.4653 	 1344.4369 	 1.9625 
315.4688 	 1371.4316 	 2.2436 
315.4722 	 1285.2389 	 1.6894 
315.4757 	 1238.0472 	 2.0601 
315.4792 	 1254.1126 	 1.9795 
315.4826 	 1210.5150 	 1.8240 
315.4861 	 1145.7338 	 1.6724 
315.4896 	 1151.3734 	 1.9528 
315.4931 	 1130.4437 	 1.8942 
315.4965 	 1085.3219 	 1.8026 
315.5000 	 1061.2457 	 1.9113 
315.5035 	 1026.7811 	 1.4807 
315.5069 	 995.5290 	 1.8771 
315.5104 	 952.7137 	 2.0085 
315.5139 	 922.3550 	 1.4676 
315.5174 	 905.0214 	 1.6239 
315.5208 	 855.4096 	 1.2799 
315.5243 	 784.8077 	 1.5812 
315.5278 	 571.6894 	 1.7065 
315.5313 	 570.3648 	 1.8240 
315.5347 	 629.0614 	 1.3993 
315.5382 	 813.7554 	 1.5665 
315.5417 	 910.1536 	 1.7918 
315.5451 	 932.1459 	 1.6524 
315.5486 	 958.8567 	 1.6724 
315.5521 	 888.0687 	 1.2876 
315.5556 	 927.8669 	 1.5358 
315.5590 	 944.2275 	 1.8026 
315.5625 	 884.0444 	 1.4505 
315.5660 	 853.9744 	 1.6453 
315.5694 	 783.7372 	 1.5188 
315.5729 	 704.5494 	 1.4378 
315.5764 	 711.9113 	 1.9795 
315.5799 	 678.0769 	 1.2179 
315.5833 	 651.3481 	 1.4846 
315.5868 	 604.9142 	 1.5880 
315.5903 	 548.4642 	 1.5017 
315.5938 	 543.9485 	 1.4807 
315.5972 	 530.8874 	 1.5870 
315.6007 	 490.1717 	 1.4378 
315.6042 	 447.9181 	 1.6212 
315.6076 	 461.4807 	 1.4592 
315.6111 	 435.4778 	 1.2287 
315.6146 	 483.5408 	 1.4378 
315.6181 	 437.2184 	 1.5529 
315.6215 	 434.6795 	 1.2607 
315.6250 	 440.5461 	 1.7065 
315.6285 	 442.7778 	 1.5171 
315.6319 	 427.9352 	 1.4846 
315.6354 	 403.5684 	 1.8162 
315.6389 	 419.4710 	 1.5017 
315.6424 	 396.4592 	 1.5451 
315.6458 	 382.4403 	 1.3311 
315.6493 	 387.0386 	 1.3090 
315.6528 	 396.6382 	 1.3652 
315.6563 	 398.2189 	 1.6094 
315.6597 	 385.2560 	 1.2969 
315.6632 	 375.6867 	 1.0944 
315.6667 	 371.8089 	 1.2799 
315.6701 	 369.3348 	 1.5451 
315.6736 	 389.2150 	 1.5358 
315.6771 	 453.1624 	 1.3034 
315.6806 	 446.0239 	 1.4676 
315.6840 	 398.5897 	 1.4744 
315.6875 	 377.4403 	 1.3652 
315.6910 	 370.1709 	 1.2607 
315.6944 	 437.0890 	 1.3356 
315.6979 	 428.1545 	 1.6524 
315.7014 	 428.3277 	 1.5700 
315.7049 	 458.3691 	 1.6524 
315.7083 	 419.4369 	 1.2116 
315.7118 	 400.4721 	 1.5451 
315.7153 	 353.6348 	 1.4846 
315.7188 	 336.2446 	 1.8455 
315.7222 	 311.6894 	 1.3823 
315.7257 	 333.6325 	 1.2607 
315.7292 	 320.1707 	 1.5358 
315.7326 	 303.2265 	 1.3889 
315.7361 	 313.4130 	 1.5700 
315.7396 	 322.3718 	 1.4530 
315.7431 	 301.1263 	 1.6553 
315.7465 	 313.1624 	 1.6026 
315.7500 	 330.0512 	 1.5358 
315.7535 	 303.7768 	 1.6953 
315.7569 	 308.9420 	 1.5700 
315.7604 	 320.3004 	 1.3305 
315.7639 	 302.4232 	 1.3311 
315.7674 	 312.0386 	 1.3734 
315.7708 	 302.5256 	 1.2969 
315.7743 	 325.5150 	 1.6309 
315.7778 	 312.9522 	 1.6724 
315.7813 	 278.1197 	 1.2393 
315.7847 	 339.4369 	 1.4505 
315.7882 	 325.2564 	 1.3462 
315.7917 	 309.3003 	 1.4846 
315.7951 	 307.1154 	 1.6453 
315.7986 	 309.1126 	 1.5358 
315.8021 	 300.3863 	 1.8455 
315.8056 	 264.0273 	 1.1604 
315.8090 	 289.0987 	 1.6094 
315.8125 	 288.3106 	 1.5870 
315.8160 	 288.5129 	 1.4655 
315.8194 	 292.1331 	 1.6724 
315.8229 	 328.4549 	 1.6094 
315.8264 	 337.0478 	 1.2799 
315.8299 	 341.9313 	 1.5665 
315.8333 	 336.5870 	 1.5700 
315.8368 	 333.0983 	 1.3889 
315.8403 	 340.2560 	 1.4846 
315.8438 	 364.2308 	 1.6880 
315.8472 	 362.4403 	 1.4334 
315.8507 	 353.0983 	 1.4957 
315.8542 	 362.8840 	 1.3652 
315.8576 	 357.6180 	 1.7167 
315.8611 	 349.1809 	 1.4505 
315.8646 	 325.1717 	 1.4378 
315.8681 	 321.9283 	 1.5358 
315.8715 	 342.5322 	 1.0086 
315.8750 	 351.0751 	 1.5358 
315.8785 	 384.2060 	 1.5880 
315.8819 	 399.3345 	 1.8430 
315.8854 	 379.7854 	 1.5665 
315.8889 	 400.1194 	 1.2628 
315.8924 	 403.1410 	 1.5812 
315.8958 	 415.3072 	 1.5188 
315.8993 	 426.8376 	 1.4957 
315.9028 	 425.9898 	 1.3140 
315.9063 	 433.0983 	 1.3889 
315.9097 	 446.9283 	 1.6041 
315.9132 	 465.9013 	 1.4378 
315.9167 	 494.2833 	 1.3993 
315.9201 	 478.2403 	 1.5665 
315.9236 	 521.8430 	 1.5870 
315.9271 	 563.4120 	 1.2232 
315.9306 	 596.5870 	 1.6894 
315.9340 	 597.5322 	 1.7597 
315.9375 	 617.7226 	 1.4384 
315.9410 	 614.6352 	 1.5021 
315.9444 	 655.7338 	 1.8430 
315.9479 	 657.8205 	 1.3462 
315.9514 	 678.3276 	 1.5017 
315.9549 	 695.0641 	 1.3675 
315.9583 	 697.8157 	 1.5188 
315.9618 	 715.6197 	 1.4530 
315.9653 	 749.5734 	 1.5700 
315.9688 	 744.1845 	 1.6524 
315.9722 	 768.5666 	 1.6724 
315.9757 	 765.7296 	 1.4378 
315.9792 	 754.4710 	 1.4164 
315.9826 	 800.9442 	 1.5880 
315.9861 	 815.5631 	 1.4164 
315.9896 	 824.6781 	 1.5021 
315.9931 	 838.6178 	 1.2969 
315.9965 	 836.2446 	 1.7597 
316.0000 	 809.0925 	 1.8664 
