Time-Day of Year 	 Electron flux 	 Proton flux 	 (Flux in the units of counts/sq cm.sec.sr) 
175.0035 	 50.8547 	 1.5598 
175.0069 	 47.8840 	 1.4334 
175.0104 	 45.4273 	 1.4103 
175.0139 	 47.6962 	 1.4846 
175.0174 	 46.3248 	 1.1538 
175.0208 	 41.9454 	 1.5188 
175.0243 	 41.6953 	 1.1373 
175.0278 	 39.8635 	 1.6041 
175.0313 	 35.5150 	 1.3519 
175.0347 	 35.1024 	 1.5529 
175.0382 	 37.2961 	 1.0300 
175.0417 	 40.9898 	 1.1263 
175.0451 	 33.8412 	 1.3948 
175.0486 	 38.1229 	 1.5700 
175.0521 	 38.9270 	 1.3305 
175.0556 	 45.8020 	 1.4505 
175.0590 	 52.6496 	 1.1538 
175.0625 	 59.5392 	 1.7577 
175.0660 	 62.5855 	 1.2607 
175.0694 	 60.7509 	 1.2969 
175.0729 	 66.5385 	 1.3675 
175.0764 	 62.1331 	 1.4846 
175.0799 	 66.8884 	 1.3305 
175.0833 	 65.3413 	 1.3993 
175.0868 	 65.1288 	 1.2232 
175.0903 	 67.9352 	 1.5700 
175.0938 	 72.5536 	 1.2232 
175.0972 	 70.6826 	 1.5700 
175.1007 	 69.3991 	 1.3519 
175.1042 	 76.8089 	 1.3481 
175.1076 	 84.4421 	 1.2446 
175.1111 	 91.7235 	 1.6382 
175.1146 	 103.2051 	 1.5385 
175.1181 	 111.3823 	 2.1331 
175.1215 	 110.6223 	 1.5880 
175.1250 	 111.7065 	 1.7918 
175.1285 	 115.0641 	 1.7308 
175.1319 	 116.2457 	 1.8259 
175.1354 	 121.0515 	 1.5880 
175.1389 	 115.9556 	 1.5188 
175.1424 	 120.4506 	 1.8026 
175.1458 	 128.0546 	 1.7577 
175.1493 	 126.1373 	 1.5021 
175.1528 	 131.6041 	 1.6041 
175.1563 	 125.1288 	 1.5021 
175.1597 	 117.6451 	 1.6894 
175.1632 	 123.5193 	 1.7167 
175.1667 	 139.3174 	 1.6041 
175.1701 	 137.2222 	 1.5812 
175.1736 	 138.4642 	 1.6041 
175.1771 	 143.9103 	 1.7308 
175.1806 	 151.7235 	 1.8771 
175.1840 	 147.5855 	 1.3889 
175.1875 	 141.8601 	 1.3993 
175.1910 	 154.4017 	 1.4316 
175.1944 	 163.1570 	 1.6553 
175.1979 	 162.7253 	 1.3948 
175.2014 	 152.5427 	 1.5017 
175.2049 	 151.0515 	 1.5236 
175.2083 	 162.0307 	 1.6382 
175.2118 	 151.8670 	 1.6738 
175.2153 	 157.9693 	 1.4164 
175.2188 	 160.0215 	 1.8455 
175.2222 	 165.0000 	 1.6041 
175.2257 	 176.1325 	 1.3034 
175.2292 	 182.4232 	 1.6212 
175.2326 	 174.2094 	 1.4103 
175.2361 	 172.9351 	 1.7406 
175.2396 	 168.2692 	 1.7735 
175.2431 	 160.7534 	 1.6952 
175.2465 	 153.3120 	 1.7521 
175.2500 	 156.1945 	 1.6724 
175.2535 	 171.6953 	 1.6309 
175.2569 	 165.7167 	 1.8601 
175.2604 	 174.5279 	 1.5880 
175.2639 	 167.4232 	 1.5529 
175.2674 	 172.9185 	 1.6094 
175.2708 	 182.4232 	 2.1160 
175.2743 	 171.8240 	 1.6094 
175.2778 	 169.5734 	 1.3993 
175.2813 	 176.4592 	 1.5021 
175.2847 	 187.7474 	 1.6553 
175.2882 	 182.1154 	 1.5598 
175.2917 	 185.9727 	 1.6724 
175.2951 	 196.4103 	 1.5598 
175.2986 	 220.2048 	 1.5017 
175.3021 	 236.8376 	 1.9231 
175.3056 	 275.1707 	 1.8601 
175.3090 	 297.9185 	 1.9528 
175.3125 	 319.5734 	 1.5700 
175.3160 	 319.1846 	 1.5236 
175.3194 	 316.8259 	 1.6382 
175.3229 	 303.2403 	 1.4807 
175.3264 	 297.9181 	 1.4676 
175.3299 	 298.9700 	 1.6738 
175.3333 	 296.2799 	 1.2287 
175.3368 	 302.1245 	 1.5451 
175.3403 	 310.7338 	 1.8430 
175.3438 	 313.5256 	 1.4957 
175.3472 	 303.1570 	 1.6212 
175.3507 	 302.7350 	 1.7094 
175.3542 	 310.9386 	 1.6724 
175.3576 	 309.8077 	 1.4744 
175.3611 	 316.4505 	 1.3140 
175.3646 	 318.6207 	 1.6379 
175.3681 	 317.5768 	 1.7065 
175.3715 	 310.0429 	 1.0944 
175.3750 	 308.1911 	 1.2969 
175.3785 	 317.1888 	 1.5021 
175.3819 	 310.3754 	 1.5529 
175.3854 	 303.4549 	 1.6738 
175.3889 	 286.2287 	 1.3481 
175.3924 	 279.6567 	 1.3948 
175.3958 	 270.8021 	 1.5017 
175.3993 	 269.4231 	 1.5598 
175.4028 	 275.5631 	 1.4846 
175.4063 	 288.8034 	 1.5171 
175.4097 	 301.1433 	 1.4846 
175.4132 	 316.6667 	 1.3675 
175.4167 	 343.1058 	 1.4676 
175.4201 	 368.0043 	 1.7382 
175.4236 	 345.9727 	 1.6041 
175.4271 	 322.3176 	 1.6524 
175.4306 	 317.5597 	 1.3140 
175.4340 	 345.9013 	 1.3948 
175.4375 	 332.9181 	 1.4164 
175.4410 	 337.3391 	 1.4592 
175.4444 	 381.5188 	 1.7235 
175.4479 	 380.3648 	 1.4378 
175.4514 	 404.7611 	 1.3652 
175.4549 	 417.9273 	 1.6026 
175.4583 	 429.8464 	 1.6382 
175.4618 	 413.4402 	 1.6453 
175.4653 	 433.9761 	 1.3823 
175.4688 	 426.1752 	 1.8376 
175.4722 	 438.9590 	 1.8259 
175.4757 	 404.2275 	 1.4807 
175.4792 	 398.6348 	 1.6212 
175.4826 	 380.1073 	 1.4592 
175.4861 	 376.9966 	 1.2799 
175.4896 	 399.3750 	 1.5086 
175.4931 	 397.8498 	 1.3140 
175.4965 	 404.8712 	 1.6309 
175.5000 	 412.7816 	 1.8601 
175.5035 	 417.6395 	 1.4163 
175.5069 	 365.9215 	 1.6724 
175.5104 	 360.6624 	 1.5171 
175.5139 	 346.3652 	 1.6724 
175.5174 	 349.9786 	 1.2179 
175.5208 	 336.6212 	 1.2799 
175.5243 	 359.4658 	 1.4530 
175.5278 	 308.9932 	 1.6382 
175.5313 	 323.1545 	 1.3948 
175.5347 	 302.3379 	 1.7577 
175.5382 	 308.0043 	 1.4807 
175.5417 	 318.8225 	 1.6041 
175.5451 	 326.1588 	 1.2232 
175.5486 	 289.7611 	 1.4676 
175.5521 	 266.7167 	 1.5021 
175.5556 	 278.4471 	 1.6382 
175.5590 	 247.6395 	 1.4163 
175.5625 	 207.4744 	 1.1263 
175.5660 	 238.7393 	 1.4530 
175.5694 	 287.3720 	 1.3652 
175.5729 	 318.0769 	 1.5385 
175.5764 	 353.1570 	 1.6041 
175.5799 	 387.9273 	 1.3248 
175.5833 	 359.6928 	 1.5529 
175.5868 	 356.5451 	 1.6524 
175.5903 	 369.7782 	 1.2628 
175.5938 	 382.4464 	 1.6953 
175.5972 	 378.3447 	 1.6212 
175.6007 	 353.2403 	 1.6524 
175.6042 	 348.2423 	 1.5700 
175.6076 	 346.2876 	 1.5021 
175.6111 	 335.8532 	 1.3140 
175.6146 	 330.7112 	 1.6164 
175.6181 	 295.2901 	 1.3652 
175.6215 	 257.2009 	 1.5598 
175.6250 	 233.1741 	 1.2799 
175.6285 	 227.7564 	 1.0897 
175.6319 	 233.8908 	 1.4334 
175.6354 	 231.9658 	 1.4530 
175.6389 	 231.3140 	 1.5870 
175.6424 	 226.2017 	 1.1588 
175.6458 	 236.6894 	 1.2628 
175.6493 	 233.1760 	 1.5451 
175.6528 	 226.6382 	 1.3652 
175.6563 	 228.4120 	 1.4807 
175.6597 	 226.9454 	 1.1263 
175.6632 	 215.6867 	 1.4592 
175.6667 	 219.4880 	 1.1945 
175.6701 	 224.2489 	 1.1588 
175.6736 	 219.7611 	 1.3652 
175.6771 	 221.3034 	 1.4530 
175.6806 	 219.1638 	 1.1604 
175.6840 	 209.7863 	 1.4957 
175.6875 	 217.2014 	 1.5700 
175.6910 	 220.0427 	 1.4957 
175.6944 	 220.7679 	 1.6894 
175.6979 	 217.8541 	 1.6309 
175.7014 	 223.8908 	 1.3823 
175.7049 	 219.3133 	 1.4592 
175.7083 	 212.2867 	 1.6724 
175.7118 	 216.8240 	 1.3948 
175.7153 	 214.5734 	 1.4505 
175.7188 	 210.2361 	 1.6953 
175.7222 	 211.6894 	 1.4846 
175.7257 	 209.9142 	 1.5021 
175.7292 	 206.9966 	 1.3823 
175.7326 	 210.5128 	 1.6880 
175.7361 	 208.0651 	 1.4897 
175.7396 	 197.9914 	 1.4530 
175.7431 	 195.3413 	 1.3823 
175.7465 	 192.8632 	 1.6667 
175.7500 	 190.7679 	 1.5188 
175.7535 	 187.3391 	 1.5665 
175.7569 	 187.7304 	 1.2116 
175.7604 	 179.4635 	 1.3305 
175.7639 	 175.2048 	 1.6894 
175.7674 	 151.3305 	 1.3305 
175.7708 	 148.4983 	 1.5188 
175.7743 	 139.2919 	 1.3090 
175.7778 	 136.2799 	 1.3652 
175.7813 	 124.8069 	 1.3305 
175.7847 	 129.4369 	 1.1775 
175.7882 	 129.4658 	 1.3675 
175.7917 	 119.7611 	 1.2628 
175.7951 	 114.1453 	 1.4316 
175.7986 	 111.2799 	 1.2799 
175.8021 	 106.3461 	 1.6239 
175.8056 	 102.9010 	 1.5700 
175.8090 	 102.6180 	 1.2017 
175.8125 	 96.9625 	 1.5188 
175.8160 	 95.0644 	 1.3734 
175.8194 	 98.7884 	 1.2969 
175.8229 	 95.9227 	 1.3948 
175.8264 	 92.0478 	 1.3823 
175.8299 	 92.6395 	 1.1803 
175.8333 	 87.3891 	 1.1604 
175.8368 	 87.0172 	 1.1159 
175.8403 	 93.5495 	 1.5870 
175.8438 	 96.3462 	 1.3248 
175.8472 	 112.3720 	 1.4164 
175.8507 	 107.2436 	 1.2393 
175.8542 	 105.1706 	 1.4676 
175.8576 	 112.3291 	 1.1752 
175.8611 	 110.4281 	 1.3014 
175.8646 	 105.4936 	 1.2446 
175.8681 	 111.7747 	 1.2628 
175.8715 	 121.5665 	 1.1588 
175.8750 	 120.5973 	 1.4164 
175.8785 	 108.4979 	 1.4378 
175.8819 	 109.8464 	 1.2969 
175.8854 	 106.9099 	 1.5451 
175.8889 	 108.5324 	 1.3481 
175.8924 	 116.5236 	 1.3519 
175.8958 	 120.1536 	 1.2457 
175.8993 	 123.2265 	 1.3889 
175.9028 	 122.5939 	 1.1775 
175.9063 	 111.8590 	 1.5598 
175.9097 	 108.6178 	 1.2287 
175.9132 	 99.3803 	 1.1325 
175.9167 	 89.8976 	 1.2116 
175.9201 	 87.8755 	 1.3305 
175.9236 	 87.6280 	 1.0580 
175.9271 	 91.1588 	 1.5451 
175.9306 	 87.6451 	 1.4164 
175.9340 	 89.0987 	 1.1373 
175.9375 	 86.0580 	 1.3140 
175.9410 	 89.0987 	 1.4163 
175.9444 	 93.4471 	 1.2287 
175.9479 	 95.6223 	 1.3734 
175.9514 	 96.8942 	 1.0922 
175.9549 	 99.4231 	 1.1966 
175.9583 	 104.2150 	 1.4334 
175.9618 	 101.5171 	 1.1325 
175.9653 	 102.0990 	 1.5017 
175.9688 	 109.4231 	 1.4744 
175.9722 	 132.3208 	 1.2116 
175.9757 	 147.5537 	 0.9657 
175.9792 	 153.4130 	 1.3481 
175.9826 	 153.2974 	 1.3362 
175.9861 	 141.6212 	 1.1433 
175.9896 	 146.3948 	 1.2661 
175.9931 	 148.5836 	 1.4334 
175.9965 	 150.5579 	 1.5665 
176.0000 	 156.7918 	 1.6553 
