Time-Day of Year 	 Electron flux 	 Proton flux 	 (Flux in the units of counts/sq cm.sec.sr) 
211.0035 	 43.7689 	 0.9091 
211.0069 	 44.3511 	 1.1641 
211.0104 	 41.8561 	 0.9848 
211.0139 	 41.8130 	 1.1641 
211.0174 	 42.3485 	 0.7576 
211.0208 	 41.5458 	 0.9351 
211.0243 	 44.2803 	 0.9659 
211.0278 	 46.7748 	 0.9160 
211.0313 	 49.1667 	 0.7197 
211.0347 	 51.1407 	 0.9125 
211.0382 	 57.2159 	 0.8523 
211.0417 	 59.3916 	 1.1217 
211.0451 	 62.5379 	 1.0227 
211.0486 	 60.7224 	 1.1977 
211.0521 	 71.0417 	 1.0985 
211.0556 	 78.9924 	 1.3878 
211.0590 	 76.6350 	 0.8935 
211.0625 	 79.1635 	 1.1787 
211.0660 	 80.6084 	 1.1977 
211.0694 	 87.8707 	 1.1787 
211.0729 	 89.7909 	 1.5589 
211.0764 	 90.6084 	 0.9696 
211.0799 	 91.7681 	 0.9696 
211.0833 	 97.6996 	 1.0076 
211.0868 	 102.1374 	 1.1641 
211.0903 	 104.6793 	 0.8679 
211.0938 	 108.3970 	 1.1450 
211.0972 	 111.2453 	 1.2075 
211.1007 	 121.0687 	 1.2405 
211.1042 	 126.0000 	 1.4151 
211.1076 	 131.7939 	 1.0878 
211.1111 	 133.0566 	 1.2075 
211.1146 	 130.1145 	 0.9924 
211.1181 	 137.5283 	 1.1321 
211.1215 	 134.7701 	 1.0153 
211.1250 	 138.3396 	 1.2075 
211.1285 	 139.7893 	 1.4176 
211.1319 	 143.9434 	 1.0943 
211.1354 	 143.8123 	 1.3218 
211.1389 	 151.8302 	 1.3208 
211.1424 	 151.9923 	 1.0345 
211.1458 	 161.9361 	 1.2406 
211.1493 	 160.0766 	 1.1303 
211.1528 	 177.5564 	 1.0714 
211.1563 	 176.0153 	 0.9004 
211.1597 	 188.1015 	 1.3534 
211.1632 	 191.2260 	 1.1686 
211.1667 	 197.5376 	 1.3158 
211.1701 	 186.6284 	 1.2452 
211.1736 	 190.5263 	 0.8835 
211.1771 	 204.9423 	 1.1154 
211.1806 	 201.7293 	 1.0902 
211.1840 	 219.5192 	 1.0962 
211.1875 	 222.6880 	 1.3910 
211.1910 	 224.0385 	 1.0577 
211.1944 	 232.2744 	 1.1842 
211.1979 	 228.7115 	 1.3654 
211.2014 	 231.7041 	 1.0674 
211.2049 	 235.5961 	 1.4038 
211.2083 	 230.0562 	 1.0487 
211.2118 	 233.0116 	 1.2355 
211.2153 	 228.5075 	 1.1381 
211.2188 	 236.5637 	 1.2548 
211.2222 	 239.1978 	 1.3806 
211.2257 	 230.9653 	 1.1197 
211.2292 	 234.6269 	 1.3619 
211.2326 	 239.1279 	 1.2791 
211.2361 	 244.4776 	 1.1381 
211.2396 	 245.8915 	 1.5116 
211.2431 	 246.3060 	 1.2127 
211.2465 	 246.2791 	 1.1240 
211.2500 	 247.1082 	 1.2127 
211.2535 	 259.7674 	 1.1434 
211.2569 	 257.4440 	 1.1381 
211.2604 	 260.0581 	 1.1047 
211.2639 	 266.1710 	 1.2454 
211.2674 	 273.5465 	 1.1240 
211.2708 	 269.2751 	 1.1338 
211.2743 	 273.2170 	 1.1822 
211.2778 	 271.6171 	 1.2268 
211.2813 	 281.5892 	 1.3178 
211.2847 	 284.3494 	 1.1338 
211.2882 	 287.0428 	 1.3035 
211.2917 	 290.3160 	 1.1524 
211.2951 	 293.4047 	 1.1479 
211.2986 	 303.7547 	 1.2268 
211.3021 	 300.6226 	 1.5370 
211.3056 	 285.4089 	 0.9665 
211.3090 	 298.1712 	 1.1089 
211.3125 	 305.6877 	 1.3197 
211.3160 	 298.9494 	 1.5759 
211.3194 	 299.9259 	 1.2407 
211.3229 	 307.3152 	 1.3619 
211.3264 	 308.6111 	 1.1481 
211.3299 	 306.0938 	 1.5820 
211.3333 	 299.1882 	 1.2362 
211.3368 	 297.8320 	 1.4844 
211.3403 	 293.4317 	 1.3469 
211.3438 	 300.8628 	 1.4314 
211.3472 	 296.9926 	 1.1808 
211.3507 	 298.2941 	 1.2549 
211.3542 	 296.8081 	 1.2731 
211.3576 	 300.8039 	 1.1373 
211.3611 	 304.1882 	 1.2731 
211.3646 	 292.1372 	 1.2157 
211.3681 	 294.7786 	 1.5129 
211.3715 	 299.2745 	 1.2941 
211.3750 	 295.7904 	 1.3603 
211.3785 	 294.4902 	 1.1569 
211.3819 	 300.0000 	 1.2684 
211.3854 	 305.7451 	 1.3529 
211.3889 	 298.6948 	 1.0662 
211.3924 	 291.9216 	 1.2157 
211.3958 	 292.5000 	 1.5074 
211.3993 	 288.1890 	 1.1811 
211.4028 	 282.6838 	 1.2132 
211.4063 	 287.6968 	 1.2598 
211.4097 	 285.9927 	 1.2684 
211.4132 	 288.7795 	 1.1811 
211.4167 	 288.1985 	 1.0478 
211.4201 	 291.3583 	 1.2795 
211.4236 	 287.3346 	 1.0662 
211.4271 	 288.9173 	 1.3583 
211.4306 	 297.5824 	 1.2454 
211.4340 	 291.2008 	 1.2992 
211.4375 	 292.5458 	 1.0623 
211.4410 	 291.4173 	 1.1811 
211.4444 	 292.1245 	 1.1905 
211.4479 	 274.6850 	 1.1811 
211.4514 	 266.9414 	 1.3004 
211.4549 	 271.4087 	 1.1111 
211.4583 	 260.6387 	 0.9307 
211.4618 	 263.3730 	 1.1706 
211.4653 	 266.9891 	 1.2956 
211.4688 	 268.7698 	 1.1111 
211.4722 	 269.8723 	 1.0584 
211.4757 	 262.9960 	 1.2500 
211.4792 	 259.4161 	 1.2591 
211.4826 	 260.4563 	 1.0516 
211.4861 	 257.1454 	 1.0909 
211.4896 	 253.2937 	 1.2897 
211.4931 	 261.5091 	 1.2545 
211.4965 	 253.9484 	 1.4286 
211.5000 	 250.3636 	 1.1636 
211.5035 	 297.3016 	 1.2500 
211.5069 	 283.3091 	 1.3818 
211.5104 	 276.7928 	 1.1355 
211.5139 	 272.4000 	 1.3091 
211.5174 	 263.2869 	 1.2351 
211.5208 	 263.4364 	 1.1636 
211.5243 	 263.8645 	 1.3347 
211.5278 	 250.6909 	 1.3273 
211.5313 	 256.0956 	 1.4143 
211.5347 	 245.4182 	 1.2182 
211.5382 	 250.8765 	 1.0558 
211.5417 	 241.0507 	 1.0507 
211.5451 	 237.9283 	 1.3347 
211.5486 	 225.7428 	 1.1051 
211.5521 	 225.9363 	 1.4741 
211.5556 	 232.6993 	 1.4674 
211.5590 	 213.7251 	 1.3745 
211.5625 	 244.0761 	 1.1051 
211.5660 	 180.3200 	 1.3800 
211.5694 	 182.5544 	 1.1775 
211.5729 	 182.8800 	 1.2800 
211.5764 	 167.8261 	 1.2319 
211.5799 	 163.0120 	 1.2048 
211.5833 	 154.5126 	 1.2816 
211.5868 	 143.6747 	 1.1044 
211.5903 	 137.4188 	 1.1913 
211.5938 	 137.3695 	 1.1044 
211.5972 	 124.6403 	 0.9892 
211.6007 	 123.0321 	 1.1647 
211.6042 	 113.0576 	 1.1511 
211.6076 	 119.1566 	 1.0442 
211.6111 	 111.1151 	 0.8993 
211.6146 	 100.4418 	 1.0442 
211.6181 	 96.4748 	 0.9173 
211.6215 	 87.7108 	 1.2249 
211.6250 	 89.0827 	 1.0971 
211.6285 	 84.0121 	 1.0282 
211.6319 	 77.5899 	 0.8993 
211.6354 	 68.7903 	 0.9476 
211.6389 	 68.6691 	 1.0252 
211.6424 	 62.2782 	 1.2500 
211.6458 	 57.8417 	 1.1331 
211.6493 	 56.0484 	 0.9677 
211.6528 	 50.4480 	 1.0932 
211.6563 	 53.8508 	 0.8871 
211.6597 	 52.3297 	 1.2007 
211.6632 	 57.8629 	 0.8065 
211.6667 	 48.3154 	 1.0215 
211.6701 	 50.9476 	 0.9476 
211.6736 	 50.8781 	 0.9857 
211.6771 	 43.7097 	 0.7258 
211.6806 	 48.0466 	 0.9498 
211.6840 	 43.3603 	 0.6275 
211.6875 	 41.1111 	 0.9677 
211.6910 	 41.4980 	 0.8907 
211.6944 	 42.4194 	 1.0215 
211.6979 	 36.0772 	 0.8130 
211.7014 	 35.3036 	 0.8750 
211.7049 	 38.8821 	 0.9959 
211.7083 	 36.0676 	 0.9786 
211.7118 	 33.4959 	 0.7520 
211.7153 	 28.2384 	 0.9786 
211.7188 	 24.9797 	 0.9553 
211.7222 	 23.8968 	 0.8541 
211.7257 	 23.5569 	 1.0772 
211.7292 	 20.6050 	 0.8185 
211.7326 	 19.7358 	 0.8130 
211.7361 	 17.8648 	 0.6406 
211.7396 	 16.6531 	 0.6531 
211.7431 	 14.8754 	 0.6406 
211.7465 	 15.7347 	 0.7755 
211.7500 	 13.5943 	 0.7117 
211.7535 	 12.5918 	 0.7143 
211.7569 	 12.3310 	 0.5872 
211.7604 	 12.0816 	 0.7959 
211.7639 	 10.8688 	 0.6738 
211.7674 	 10.2857 	 0.6531 
211.7708 	 9.5745 	 0.9220 
211.7743 	 8.9796 	 0.6735 
211.7778 	 8.1206 	 0.7270 
211.7813 	 7.3673 	 0.4898 
211.7847 	 7.4113 	 0.5142 
211.7882 	 7.2245 	 0.6531 
211.7917 	 6.3475 	 0.7624 
211.7951 	 6.1066 	 0.8197 
211.7986 	 5.4433 	 0.8688 
211.8021 	 5.4713 	 0.6967 
211.8056 	 5.4787 	 0.6738 
211.8090 	 6.0041 	 0.7992 
211.8125 	 5.7801 	 0.6560 
211.8160 	 6.1680 	 0.6762 
211.8194 	 5.9011 	 0.6890 
211.8229 	 6.5844 	 0.6173 
211.8264 	 5.0528 	 0.5282 
211.8299 	 5.6584 	 0.6996 
211.8333 	 5.4464 	 0.5179 
211.8368 	 5.4321 	 0.5556 
211.8403 	 4.7535 	 0.5106 
211.8438 	 5.0206 	 0.5144 
211.8472 	 4.8592 	 0.7042 
211.8507 	 4.3388 	 0.5165 
211.8542 	 4.0845 	 0.3697 
211.8576 	 9.8967 	 0.6612 
211.8611 	 27.7465 	 0.8627 
211.8646 	 50.1653 	 0.8884 
211.8681 	 62.0775 	 1.0387 
211.8715 	 46.4050 	 1.0950 
211.8750 	 31.6842 	 0.8421 
211.8785 	 22.7479 	 0.7025 
211.8819 	 21.8246 	 0.9474 
211.8854 	 22.7273 	 0.8884 
211.8889 	 19.7895 	 0.6667 
211.8924 	 15.8264 	 0.7231 
211.8958 	 15.7368 	 0.8772 
211.8993 	 19.0289 	 0.8058 
211.9028 	 19.8421 	 1.0351 
211.9063 	 18.5892 	 0.6846 
211.9097 	 16.1579 	 0.7368 
211.9132 	 15.4564 	 0.7261 
211.9167 	 16.3333 	 0.6140 
211.9201 	 13.9212 	 0.5394 
211.9236 	 14.6316 	 0.7895 
211.9271 	 13.3402 	 0.6432 
211.9306 	 11.9580 	 0.7867 
211.9340 	 13.1950 	 0.6432 
211.9375 	 14.2483 	 0.8566 
211.9410 	 15.2490 	 0.8091 
211.9444 	 11.7133 	 0.6643 
211.9479 	 13.6875 	 0.6667 
211.9514 	 14.9652 	 0.5401 
211.9549 	 16.6875 	 0.8750 
211.9583 	 15.5575 	 0.9059 
211.9618 	 16.2552 	 1.1088 
211.9653 	 13.8328 	 0.5749 
211.9688 	 14.4561 	 0.8996 
211.9722 	 11.4286 	 0.7840 
211.9757 	 10.4603 	 0.5858 
211.9792 	 11.9338 	 0.7317 
211.9826 	 11.9874 	 0.6695 
211.9861 	 11.9792 	 0.5903 
211.9896 	 10.9205 	 0.9205 
211.9931 	 11.5104 	 0.9722 
211.9965 	 10.8159 	 0.6276 
212.0000 	 11.3889 	 0.6424 
