Time-Day of Year 	 Electron flux 	 Proton flux 	 (Flux in the units of counts/sq cm.sec.sr) 
49.0035 	 7.7986 	 0.8532 
49.0069 	 13.2833 	 1.1373 
49.0104 	 15.4778 	 0.9386 
49.0139 	 18.6695 	 1.1588 
49.0174 	 25.0341 	 1.3652 
49.0208 	 23.9914 	 1.0300 
49.0243 	 23.4300 	 1.2116 
49.0278 	 28.7393 	 1.0897 
49.0313 	 35.4608 	 1.1092 
49.0347 	 59.4444 	 1.4316 
49.0382 	 69.5734 	 1.2799 
49.0417 	 67.2222 	 1.8376 
49.0451 	 57.7474 	 1.2799 
49.0486 	 58.1330 	 1.4378 
49.0521 	 60.9727 	 1.3311 
49.0556 	 66.2876 	 1.6094 
49.0590 	 69.6416 	 1.1775 
49.0625 	 64.4421 	 1.1373 
49.0660 	 65.3413 	 1.3652 
49.0694 	 68.3906 	 1.2661 
49.0729 	 69.8976 	 1.3140 
49.0764 	 70.4077 	 1.3305 
49.0799 	 75.8191 	 1.3311 
49.0833 	 79.4658 	 1.4103 
49.0868 	 79.3515 	 1.5017 
49.0903 	 82.4359 	 1.4744 
49.0938 	 58.4812 	 1.6724 
49.0972 	 68.0983 	 1.6880 
49.1007 	 67.0137 	 1.3311 
49.1042 	 65.0429 	 1.2017 
49.1076 	 65.6143 	 1.6382 
49.1111 	 66.0515 	 1.6738 
49.1146 	 66.5870 	 1.4334 
49.1181 	 71.7597 	 1.4163 
49.1215 	 77.0034 	 1.2500 
49.1250 	 79.6137 	 1.3519 
49.1285 	 84.6416 	 1.1945 
49.1319 	 97.4893 	 1.4378 
49.1354 	 105.9727 	 1.6212 
49.1389 	 115.6197 	 1.1752 
49.1424 	 118.1399 	 1.2969 
49.1458 	 121.6453 	 1.5171 
49.1493 	 133.7372 	 1.6212 
49.1528 	 137.0727 	 1.6667 
49.1563 	 138.8908 	 1.5017 
49.1597 	 141.1159 	 1.5665 
49.1632 	 142.5085 	 1.5358 
49.1667 	 142.4034 	 1.2446 
49.1701 	 139.2150 	 1.6041 
49.1736 	 142.0386 	 1.4378 
49.1771 	 146.8259 	 1.6041 
49.1806 	 144.0129 	 1.6524 
49.1840 	 152.2014 	 1.4334 
49.1875 	 167.4249 	 1.3519 
49.1910 	 163.5836 	 1.4846 
49.1944 	 166.5385 	 1.4957 
49.1979 	 174.9488 	 1.4334 
49.2014 	 168.5043 	 1.5385 
49.2049 	 176.4846 	 1.4846 
49.2083 	 172.5641 	 1.6026 
49.2118 	 188.1399 	 1.5358 
49.2153 	 196.8884 	 1.3090 
49.2188 	 198.5154 	 1.5188 
49.2222 	 210.8155 	 1.6309 
49.2257 	 211.3993 	 1.5017 
49.2292 	 225.2575 	 1.7382 
49.2326 	 215.9044 	 1.5358 
49.2361 	 221.3090 	 1.9099 
49.2396 	 213.7543 	 1.7577 
49.2431 	 212.5215 	 1.5733 
49.2465 	 216.4676 	 1.1945 
49.2500 	 219.0812 	 1.4530 
49.2535 	 221.6723 	 1.4334 
49.2569 	 272.1795 	 1.7949 
49.2604 	 199.4710 	 1.7065 
49.2639 	 199.4444 	 1.9017 
49.2674 	 204.5734 	 1.5870 
49.2708 	 206.8455 	 1.4163 
49.2743 	 218.8567 	 1.6724 
49.2778 	 211.0086 	 1.5021 
49.2813 	 209.7952 	 1.3652 
49.2847 	 223.6695 	 1.6953 
49.2882 	 228.6007 	 1.4846 
49.2917 	 236.4163 	 1.8240 
49.2951 	 258.1229 	 1.7235 
49.2986 	 264.9356 	 1.7811 
49.3021 	 278.3106 	 1.5870 
49.3056 	 279.0598 	 1.5385 
49.3090 	 265.8874 	 1.3140 
49.3125 	 264.5727 	 1.4957 
49.3160 	 243.9932 	 1.7065 
49.3194 	 243.8461 	 1.2607 
49.3229 	 246.3652 	 1.3993 
49.3264 	 244.7210 	 1.7811 
49.3299 	 243.6860 	 1.7065 
49.3333 	 253.0043 	 1.3948 
49.3368 	 256.4505 	 1.7406 
49.3403 	 266.6309 	 1.5451 
49.3438 	 262.6451 	 1.5870 
49.3472 	 264.0558 	 1.2876 
49.3507 	 278.7884 	 1.7065 
49.3542 	 300.6223 	 1.2232 
49.3576 	 339.3857 	 1.5870 
49.3611 	 330.8974 	 1.4957 
49.3646 	 317.9281 	 1.3699 
49.3681 	 327.1581 	 1.9658 
49.3715 	 332.4403 	 1.3311 
49.3750 	 331.1752 	 1.5385 
49.3785 	 318.0205 	 1.6724 
49.3819 	 301.4103 	 1.6239 
49.3854 	 299.9659 	 1.4676 
49.3889 	 303.8412 	 1.6524 
49.3924 	 247.3208 	 1.4846 
49.3958 	 264.4635 	 1.7597 
49.3993 	 258.2253 	 1.6212 
49.4028 	 254.5279 	 1.3734 
49.4063 	 264.3515 	 1.3993 
49.4097 	 264.9356 	 1.5451 
49.4132 	 275.8021 	 1.4676 
49.4167 	 274.7222 	 1.5598 
49.4201 	 276.1263 	 1.5017 
49.4236 	 263.5043 	 1.4957 
49.4271 	 267.2696 	 1.5017 
49.4306 	 268.5897 	 1.6239 
49.4340 	 238.9590 	 1.5870 
49.4375 	 235.1923 	 1.4530 
49.4410 	 244.7270 	 1.3140 
49.4444 	 245.7725 	 1.3305 
49.4479 	 243.6860 	 1.3481 
49.4514 	 243.6910 	 1.3090 
49.4549 	 247.2526 	 1.5529 
49.4583 	 234.8712 	 1.4378 
49.4618 	 213.6007 	 1.3993 
49.4653 	 203.1116 	 1.5451 
49.4688 	 208.0375 	 1.3993 
49.4722 	 211.0086 	 1.5451 
49.4757 	 212.1672 	 1.5870 
49.4792 	 194.5299 	 1.4744 
49.4826 	 186.5870 	 1.4846 
49.4861 	 186.9957 	 1.3519 
49.4896 	 191.1092 	 1.4164 
49.4931 	 183.4402 	 1.1966 
49.4965 	 181.4164 	 1.3311 
49.5000 	 165.6223 	 1.5880 
49.5035 	 168.3277 	 1.6212 
49.5069 	 180.1931 	 1.2017 
49.5104 	 194.4369 	 1.3993 
49.5139 	 187.1030 	 1.5451 
49.5174 	 170.4437 	 1.2628 
49.5208 	 178.1545 	 1.1803 
49.5243 	 175.3754 	 1.3140 
49.5278 	 164.2704 	 1.2446 
49.5313 	 165.9215 	 0.9898 
49.5347 	 162.3291 	 1.3034 
49.5382 	 158.5836 	 1.2969 
49.5417 	 163.2692 	 1.4530 
49.5451 	 177.3208 	 1.2116 
49.5486 	 184.1239 	 1.6667 
49.5521 	 180.4607 	 1.3311 
49.5556 	 179.8712 	 1.5021 
49.5590 	 181.5870 	 1.4164 
49.5625 	 180.6223 	 1.2446 
49.5660 	 176.8430 	 1.2799 
49.5694 	 174.1631 	 1.2661 
49.5729 	 162.1672 	 1.5188 
49.5764 	 141.8455 	 1.2232 
49.5799 	 131.5700 	 1.2457 
49.5833 	 135.4506 	 0.9871 
49.5868 	 136.2628 	 1.2116 
49.5903 	 143.8461 	 1.0897 
49.5938 	 133.9249 	 1.1775 
49.5972 	 119.9786 	 1.2179 
49.6007 	 122.0649 	 1.2799 
49.6042 	 112.5427 	 1.3462 
49.6076 	 97.3116 	 1.2842 
49.6111 	 84.7854 	 1.0944 
49.6146 	 72.4061 	 1.2628 
49.6181 	 58.1330 	 1.4163 
49.6215 	 26.9283 	 1.0068 
49.6250 	 16.2876 	 0.9227 
49.6285 	 19.5222 	 0.8362 
49.6319 	 43.7983 	 0.9871 
49.6354 	 80.7850 	 0.9898 
49.6389 	 120.9442 	 1.2661 
49.6424 	 126.6041 	 1.3481 
49.6458 	 135.2137 	 1.1538 
49.6493 	 124.6416 	 1.3652 
49.6528 	 163.2265 	 1.6026 
49.6563 	 215.3242 	 1.3481 
49.6597 	 145.4914 	 1.5171 
49.6632 	 162.2014 	 1.7235 
49.6667 	 175.9871 	 1.3948 
49.6701 	 128.4130 	 1.3823 
49.6736 	 80.3648 	 0.9871 
49.6771 	 70.4266 	 1.3823 
49.6806 	 46.4163 	 0.9871 
49.6840 	 41.7065 	 1.2969 
49.6875 	 29.5279 	 1.1373 
49.6910 	 28.2082 	 1.2799 
49.6944 	 37.5107 	 1.1373 
49.6979 	 54.9147 	 1.2969 
49.7014 	 58.1838 	 1.0256 
49.7049 	 104.1809 	 1.3140 
49.7083 	 109.9145 	 1.2179 
49.7118 	 83.3618 	 1.2969 
49.7153 	 65.7479 	 1.2821 
49.7188 	 85.2389 	 1.3311 
49.7222 	 71.5665 	 1.2876 
49.7257 	 68.3447 	 1.4505 
49.7292 	 35.1293 	 1.2069 
49.7326 	 43.4300 	 1.1433 
49.7361 	 55.7940 	 1.6524 
49.7396 	 62.9181 	 1.4505 
49.7431 	 66.8884 	 1.3519 
49.7465 	 65.1365 	 1.4164 
49.7500 	 66.7167 	 1.3948 
49.7535 	 59.4198 	 1.4676 
49.7569 	 59.3376 	 1.4530 
49.7604 	 53.6007 	 1.1433 
49.7639 	 45.6410 	 1.1966 
49.7674 	 37.5256 	 0.7679 
49.7708 	 31.7094 	 1.0256 
49.7743 	 23.4812 	 0.8874 
49.7778 	 17.1030 	 0.7940 
49.7813 	 21.7065 	 0.7167 
49.7847 	 25.0000 	 1.0515 
49.7882 	 27.6109 	 0.8874 
49.7917 	 42.7897 	 1.2661 
49.7951 	 51.7235 	 1.1092 
49.7986 	 52.5966 	 1.2661 
49.8021 	 47.8328 	 1.3311 
49.8056 	 48.1760 	 1.2446 
49.8090 	 43.2765 	 0.9898 
49.8125 	 42.6282 	 1.0256 
49.8160 	 35.4608 	 1.1433 
49.8194 	 37.5214 	 1.0684 
49.8229 	 40.1024 	 1.1433 
49.8264 	 47.8846 	 1.2179 
49.8299 	 45.3413 	 1.2799 
49.8333 	 44.9356 	 0.9871 
49.8368 	 46.8259 	 1.3823 
49.8403 	 54.3133 	 1.2446 
49.8438 	 48.1058 	 1.0922 
49.8472 	 54.5923 	 1.0730 
49.8507 	 37.0548 	 1.2329 
49.8542 	 48.3476 	 1.1588 
49.8576 	 35.8874 	 1.2628 
49.8611 	 31.3305 	 0.7725 
49.8646 	 32.7133 	 1.0239 
49.8681 	 37.0299 	 1.1111 
49.8715 	 31.9795 	 1.1433 
49.8750 	 29.8932 	 1.0470 
49.8785 	 28.1741 	 1.0922 
49.8819 	 26.2393 	 0.8120 
49.8854 	 25.8703 	 0.8703 
49.8889 	 26.4378 	 0.9442 
49.8924 	 24.2833 	 0.8191 
49.8958 	 27.7253 	 0.9013 
49.8993 	 33.9761 	 0.7850 
49.9028 	 32.5751 	 0.9871 
49.9063 	 33.6689 	 0.9386 
49.9097 	 32.3605 	 0.7511 
49.9132 	 36.1945 	 0.9044 
49.9167 	 33.5684 	 1.2607 
49.9201 	 35.8532 	 0.9044 
49.9236 	 34.1880 	 1.0043 
49.9271 	 33.0717 	 0.9727 
49.9306 	 26.1966 	 1.0043 
49.9340 	 24.8464 	 0.7338 
49.9375 	 20.8547 	 0.7265 
49.9410 	 22.5256 	 0.8703 
49.9444 	 24.5494 	 0.9657 
49.9479 	 23.6007 	 0.7167 
49.9514 	 25.2790 	 0.9657 
49.9549 	 27.2696 	 0.7679 
49.9583 	 26.2017 	 0.9442 
49.9618 	 20.8020 	 1.0068 
49.9653 	 22.7682 	 1.0944 
49.9688 	 39.1468 	 1.5188 
49.9722 	 67.3605 	 1.3305 
49.9757 	 50.5631 	 1.2287 
49.9792 	 56.8376 	 1.3248 
49.9826 	 49.1980 	 0.8703 
49.9861 	 45.9188 	 0.9829 
49.9896 	 41.5870 	 1.0068 
49.9931 	 41.0300 	 0.9657 
49.9965 	 47.4744 	 1.2287 
50.0000 	 50.6009 	 1.1588 
