Time-Day of Year 	 Electron flux 	 Proton flux 	 (Flux in the units of counts/sq cm.sec.sr) 
147.0035 	 8.7124 	 0.7725 
147.0069 	 9.6246 	 1.0239 
147.0104 	 8.9530 	 0.9402 
147.0139 	 8.8396 	 0.8874 
147.0174 	 9.3376 	 0.7265 
147.0208 	 9.9488 	 0.7338 
147.0243 	 9.8504 	 0.8974 
147.0278 	 10.7679 	 0.6826 
147.0313 	 11.1159 	 0.6867 
147.0347 	 11.4164 	 0.8532 
147.0382 	 11.3734 	 0.7296 
147.0417 	 11.3311 	 1.0410 
147.0451 	 12.7039 	 0.8155 
147.0486 	 11.9283 	 0.9215 
147.0521 	 12.1245 	 0.7082 
147.0556 	 12.2014 	 0.8532 
147.0590 	 11.8670 	 0.5579 
147.0625 	 12.4915 	 1.0580 
147.0660 	 12.6282 	 0.8120 
147.0694 	 13.5495 	 0.7509 
147.0729 	 13.5897 	 1.1325 
147.0764 	 12.9352 	 0.7509 
147.0799 	 13.7393 	 0.6410 
147.0833 	 13.4471 	 0.8362 
147.0868 	 13.7554 	 0.7296 
147.0903 	 13.5836 	 0.8703 
147.0938 	 15.1073 	 0.8584 
147.0972 	 15.9556 	 1.0239 
147.1007 	 14.7854 	 1.0086 
147.1042 	 14.6075 	 0.8874 
147.1076 	 14.9784 	 0.9698 
147.1111 	 15.2901 	 0.6997 
147.1146 	 16.1803 	 1.0086 
147.1181 	 16.5188 	 0.9556 
147.1215 	 16.2179 	 0.7051 
147.1250 	 16.6212 	 0.9215 
147.1285 	 16.9658 	 0.9188 
147.1319 	 16.8430 	 0.8191 
147.1354 	 18.3547 	 1.0256 
147.1389 	 17.9522 	 0.8020 
147.1424 	 18.4764 	 0.6867 
147.1458 	 16.6041 	 0.9044 
147.1493 	 19.0558 	 1.0944 
147.1528 	 16.8942 	 0.9727 
147.1563 	 15.6652 	 0.6438 
147.1597 	 15.5631 	 0.9044 
147.1632 	 16.0086 	 0.7940 
147.1667 	 16.8430 	 0.7509 
147.1701 	 17.8326 	 0.7725 
147.1736 	 18.6689 	 0.9898 
147.1771 	 17.9274 	 0.8547 
147.1806 	 18.9420 	 0.8191 
147.1840 	 19.2308 	 0.9188 
147.1875 	 19.9317 	 0.6655 
147.1910 	 18.4829 	 1.0470 
147.1944 	 19.7270 	 0.6826 
147.1979 	 19.3991 	 1.0300 
147.2014 	 19.7099 	 0.8362 
147.2049 	 20.2790 	 0.7940 
147.2083 	 20.8020 	 0.7850 
147.2118 	 20.1288 	 0.9227 
147.2153 	 22.3379 	 1.1604 
147.2188 	 21.0086 	 1.0730 
147.2222 	 22.0648 	 1.0410 
147.2257 	 22.6609 	 0.7511 
147.2292 	 22.7397 	 0.9932 
147.2326 	 22.8846 	 0.7051 
147.2361 	 23.2082 	 1.1945 
147.2396 	 23.0128 	 1.1966 
147.2431 	 24.0785 	 0.9556 
147.2465 	 22.3291 	 0.7051 
147.2500 	 23.1058 	 0.9386 
147.2535 	 22.3176 	 0.9442 
147.2569 	 23.8225 	 0.7509 
147.2604 	 24.3991 	 0.8798 
147.2639 	 22.6280 	 0.7338 
147.2674 	 22.8326 	 0.9871 
147.2708 	 23.2765 	 0.9044 
147.2743 	 21.9528 	 0.9227 
147.2778 	 23.5495 	 0.8874 
147.2813 	 23.6481 	 0.7940 
147.2847 	 25.2730 	 0.7167 
147.2882 	 22.4145 	 0.8761 
147.2917 	 22.4403 	 0.8362 
147.2951 	 24.5940 	 0.9402 
147.2986 	 24.5904 	 0.8874 
147.3021 	 24.8504 	 0.8333 
147.3056 	 26.3652 	 1.0751 
147.3090 	 26.2821 	 0.8333 
147.3125 	 27.8669 	 1.0751 
147.3160 	 27.2961 	 1.0944 
147.3194 	 28.2253 	 1.0239 
147.3229 	 28.3047 	 0.9657 
147.3264 	 27.6792 	 1.1433 
147.3299 	 25.9227 	 0.6223 
147.3333 	 27.5939 	 0.8532 
147.3368 	 26.2232 	 0.8369 
147.3403 	 26.5017 	 1.1604 
147.3438 	 26.9872 	 1.0684 
147.3472 	 27.1331 	 0.7509 
147.3507 	 28.0687 	 0.9013 
147.3542 	 28.3447 	 0.8191 
147.3576 	 27.5214 	 0.7479 
147.3611 	 27.2867 	 0.8191 
147.3646 	 28.8248 	 0.7906 
147.3681 	 27.3720 	 1.0751 
147.3715 	 27.4678 	 0.9227 
147.3750 	 28.2765 	 0.9727 
147.3785 	 28.0258 	 1.0515 
147.3819 	 27.9010 	 0.9044 
147.3854 	 28.0472 	 0.9871 
147.3889 	 28.4812 	 0.8362 
147.3924 	 28.5837 	 1.0300 
147.3958 	 29.0444 	 0.9898 
147.3993 	 26.5812 	 1.1752 
147.4028 	 28.5495 	 0.9215 
147.4063 	 29.5940 	 0.8333 
147.4097 	 28.2082 	 0.9898 
147.4132 	 27.8846 	 0.9615 
147.4167 	 28.5666 	 0.7509 
147.4201 	 28.1410 	 0.8120 
147.4236 	 29.0102 	 0.8532 
147.4271 	 27.6180 	 0.8369 
147.4306 	 27.6621 	 1.0068 
147.4340 	 26.0300 	 0.8584 
147.4375 	 28.9932 	 0.9044 
147.4410 	 26.4163 	 0.8584 
147.4444 	 27.0478 	 0.8874 
147.4479 	 25.2575 	 0.9013 
147.4514 	 26.8430 	 1.0580 
147.4549 	 26.6667 	 0.8120 
147.4583 	 25.1536 	 0.8532 
147.4618 	 26.1966 	 1.0043 
147.4653 	 26.9966 	 0.8532 
147.4688 	 26.3675 	 0.6410 
147.4722 	 26.9178 	 0.8562 
147.4757 	 26.0300 	 1.0086 
147.4792 	 26.3823 	 0.8020 
147.4826 	 26.3090 	 0.7511 
147.4861 	 29.0956 	 0.8703 
147.4896 	 28.0687 	 0.8155 
147.4931 	 24.5904 	 0.7850 
147.4965 	 24.7210 	 0.9442 
147.5000 	 25.2901 	 0.7679 
147.5035 	 28.2189 	 0.8369 
147.5069 	 26.2799 	 0.6485 
147.5104 	 23.5408 	 1.0515 
147.5139 	 22.6621 	 0.8020 
147.5174 	 24.9359 	 0.8974 
147.5208 	 23.2594 	 0.6314 
147.5243 	 23.1838 	 0.7692 
147.5278 	 23.3788 	 1.0410 
147.5313 	 22.6068 	 1.0470 
147.5347 	 21.8942 	 0.8532 
147.5382 	 22.5751 	 0.7082 
147.5417 	 21.3311 	 0.6655 
147.5451 	 22.1030 	 0.7511 
147.5486 	 20.8362 	 0.8191 
147.5521 	 21.1803 	 0.7082 
147.5556 	 20.0853 	 1.0068 
147.5590 	 17.8970 	 0.6009 
147.5625 	 17.2696 	 0.7509 
147.5660 	 16.2232 	 0.7940 
147.5694 	 17.1502 	 0.7850 
147.5729 	 16.5171 	 0.8547 
147.5764 	 14.4027 	 0.8532 
147.5799 	 13.4615 	 0.7692 
147.5833 	 13.5154 	 0.4949 
147.5868 	 11.1325 	 0.8120 
147.5903 	 11.2969 	 0.7850 
147.5938 	 10.7296 	 0.5365 
147.5972 	 12.5685 	 0.9760 
147.6007 	 11.2017 	 0.4292 
147.6042 	 10.7167 	 0.6997 
147.6076 	 11.4163 	 0.5794 
147.6111 	 10.4949 	 0.6143 
147.6146 	 10.5150 	 0.6223 
147.6181 	 10.9386 	 0.9386 
147.6215 	 11.5451 	 0.7511 
147.6250 	 10.5461 	 0.6655 
147.6285 	 10.1496 	 0.5342 
147.6319 	 9.6075 	 0.6314 
147.6354 	 9.2949 	 0.4915 
147.6389 	 9.4027 	 0.5973 
147.6424 	 8.9103 	 0.7265 
147.6458 	 9.4710 	 0.6485 
147.6493 	 8.3047 	 0.9013 
147.6528 	 8.4471 	 0.6826 
147.6563 	 8.8197 	 0.6009 
147.6597 	 8.6689 	 0.6997 
147.6632 	 8.4335 	 0.4721 
147.6667 	 7.8669 	 0.6143 
147.6701 	 7.8541 	 0.6438 
147.6736 	 8.7543 	 0.6997 
147.6771 	 7.8326 	 0.5794 
147.6806 	 9.2321 	 0.6655 
147.6840 	 8.2692 	 0.5556 
147.6875 	 8.5154 	 0.5119 
147.6910 	 8.2051 	 0.7692 
147.6944 	 7.7304 	 0.7338 
147.6979 	 7.6923 	 0.4701 
147.7014 	 8.1229 	 0.5802 
147.7049 	 8.4120 	 0.8584 
147.7083 	 8.1570 	 0.5631 
147.7118 	 7.7468 	 0.7725 
147.7153 	 8.0034 	 0.6997 
147.7188 	 7.7253 	 0.7725 
147.7222 	 7.4486 	 0.8390 
147.7257 	 7.8755 	 0.6009 
147.7292 	 6.8771 	 0.7509 
147.7326 	 6.8026 	 0.7725 
147.7361 	 6.9795 	 0.5119 
147.7396 	 5.9402 	 0.7051 
147.7431 	 6.4334 	 0.6485 
147.7465 	 6.4103 	 0.6410 
147.7500 	 6.4846 	 0.6997 
147.7535 	 5.8547 	 0.4915 
147.7569 	 5.7167 	 0.7509 
147.7604 	 6.1373 	 0.7725 
147.7639 	 5.5461 	 0.5802 
147.7674 	 5.8369 	 0.4721 
147.7708 	 5.4266 	 0.6485 
147.7743 	 5.3863 	 0.6223 
147.7778 	 5.8362 	 0.6997 
147.7813 	 5.2361 	 0.5365 
147.7847 	 4.3857 	 0.5631 
147.7882 	 5.0215 	 0.6009 
147.7917 	 5.4949 	 0.4608 
147.7951 	 4.9573 	 0.4274 
147.7986 	 4.5734 	 0.6655 
147.8021 	 4.9359 	 0.4915 
147.8056 	 3.8396 	 0.4949 
147.8090 	 4.4231 	 0.5769 
147.8125 	 4.3515 	 0.6314 
147.8160 	 4.3562 	 0.4292 
147.8194 	 4.7782 	 0.5802 
147.8229 	 4.3777 	 0.5150 
147.8264 	 4.4539 	 0.6143 
147.8299 	 3.9485 	 0.7940 
147.8333 	 4.3345 	 0.4949 
147.8368 	 4.2489 	 0.5365 
147.8403 	 3.9932 	 0.6314 
147.8438 	 4.0302 	 0.7328 
147.8472 	 4.0273 	 0.5461 
147.8507 	 4.9786 	 0.5983 
147.8542 	 4.5904 	 0.5461 
147.8576 	 4.2521 	 0.7051 
147.8611 	 3.7543 	 0.5802 
147.8646 	 3.9530 	 0.4701 
147.8681 	 3.8908 	 0.5802 
147.8715 	 3.9700 	 0.4721 
147.8750 	 3.7713 	 0.5461 
147.8785 	 3.9056 	 0.6438 
147.8819 	 4.3174 	 0.5119 
147.8854 	 5.1073 	 0.5150 
147.8889 	 5.6143 	 0.7509 
147.8924 	 5.2575 	 0.6652 
147.8958 	 5.8532 	 0.5802 
147.8993 	 5.7082 	 0.5365 
147.9028 	 5.7338 	 0.7679 
147.9063 	 5.8974 	 0.6838 
147.9097 	 6.2287 	 0.6485 
147.9132 	 5.4701 	 0.5128 
147.9167 	 6.3993 	 0.6655 
147.9201 	 7.0940 	 0.6838 
147.9236 	 7.0307 	 0.8191 
147.9271 	 6.2446 	 0.5579 
147.9306 	 6.4846 	 0.5119 
147.9340 	 6.5665 	 0.4077 
147.9375 	 6.6724 	 0.6314 
147.9410 	 6.5236 	 0.6223 
147.9444 	 6.7235 	 0.5973 
147.9479 	 7.0815 	 0.5150 
147.9514 	 6.7235 	 0.6143 
147.9549 	 6.9528 	 0.7940 
147.9583 	 7.1843 	 0.7338 
147.9618 	 6.0470 	 0.5342 
147.9653 	 6.3185 	 0.5651 
147.9688 	 6.6026 	 0.5128 
147.9722 	 6.9113 	 0.6314 
147.9757 	 6.6880 	 0.6838 
147.9792 	 6.2116 	 0.6485 
147.9826 	 6.3948 	 0.6867 
147.9861 	 6.5700 	 0.6485 
147.9896 	 6.5880 	 0.7082 
147.9931 	 6.8601 	 0.6314 
147.9965 	 6.4163 	 0.7511 
148.0000 	 6.9454 	 0.6314 
