Time-Day of Year 	 Electron flux 	 Proton flux 	 (Flux in the units of counts/sq cm.sec.sr) 
41.0035 	 7.2863 	 0.9188 
41.0069 	 6.6212 	 1.2799 
41.0104 	 6.2876 	 0.7940 
41.0139 	 6.3481 	 0.8532 
41.0174 	 6.1373 	 0.9227 
41.0208 	 6.3823 	 0.6997 
41.0243 	 6.5451 	 0.7296 
41.0278 	 6.2628 	 0.8362 
41.0313 	 6.0944 	 0.8584 
41.0347 	 5.8362 	 0.7509 
41.0382 	 6.1588 	 0.7940 
41.0417 	 5.7850 	 0.7850 
41.0451 	 6.3248 	 0.9829 
41.0486 	 6.6724 	 1.0068 
41.0521 	 6.7094 	 0.8974 
41.0556 	 6.8259 	 0.9044 
41.0590 	 6.7521 	 0.9188 
41.0625 	 7.4744 	 1.0922 
41.0660 	 6.6667 	 1.1538 
41.0694 	 6.1856 	 0.7904 
41.0729 	 6.6596 	 1.0000 
41.0764 	 6.5292 	 1.0309 
41.0799 	 5.1489 	 1.0213 
41.0833 	 5.4124 	 0.8763 
41.0868 	 6.8936 	 0.7021 
41.0903 	 6.1684 	 0.8935 
41.0938 	 5.4468 	 0.4894 
41.0972 	 6.4089 	 0.9107 
41.1007 	 5.8475 	 0.7839 
41.1042 	 6.2199 	 0.8419 
41.1076 	 6.3559 	 0.7415 
41.1111 	 5.1031 	 0.9966 
41.1146 	 6.1441 	 0.5932 
41.1181 	 6.2199 	 0.6701 
41.1215 	 6.9915 	 0.7839 
41.1250 	 5.8966 	 0.8793 
41.1285 	 5.2966 	 0.7839 
41.1319 	 6.3448 	 0.8966 
41.1354 	 6.5466 	 1.0169 
41.1389 	 5.8621 	 0.8621 
41.1424 	 7.3517 	 0.9958 
41.1458 	 6.1379 	 0.6897 
41.1493 	 6.3347 	 0.8686 
41.1528 	 6.5690 	 1.1207 
41.1563 	 6.7300 	 0.8650 
41.1597 	 6.6379 	 1.0172 
41.1632 	 7.4895 	 0.7173 
41.1667 	 7.5690 	 1.1379 
41.1701 	 6.7722 	 0.9283 
41.1736 	 7.3448 	 0.6552 
41.1771 	 7.3207 	 1.0338 
41.1806 	 9.0311 	 1.1073 
41.1840 	 6.8143 	 1.2658 
41.1875 	 6.8924 	 0.8681 
41.1910 	 7.5210 	 0.9454 
41.1944 	 6.0069 	 0.8681 
41.1979 	 5.8824 	 0.9454 
41.2014 	 6.4236 	 0.8681 
41.2049 	 7.0798 	 0.8193 
41.2083 	 7.2743 	 0.6944 
41.2118 	 7.3431 	 0.8368 
41.2153 	 5.9201 	 0.7639 
41.2188 	 7.2594 	 1.0042 
41.2222 	 6.6146 	 0.8160 
41.2257 	 6.7364 	 0.6276 
41.2292 	 6.2674 	 0.7986 
41.2326 	 6.6318 	 0.7741 
41.2361 	 6.7073 	 0.8188 
41.2396 	 6.6736 	 0.6904 
41.2431 	 6.8118 	 0.9930 
41.2465 	 6.6109 	 0.7322 
41.2500 	 6.9164 	 0.7840 
41.2535 	 6.9456 	 0.8996 
41.2569 	 6.9686 	 0.7666 
41.2604 	 6.4226 	 0.8159 
41.2639 	 6.6725 	 0.6446 
41.2674 	 6.9375 	 0.8750 
41.2708 	 6.4286 	 1.0453 
41.2743 	 6.8958 	 1.0625 
41.2778 	 6.5505 	 0.9059 
41.2813 	 6.7917 	 0.8542 
41.2847 	 6.8815 	 0.7491 
41.2882 	 7.6875 	 0.8125 
41.2917 	 7.1154 	 0.6294 
41.2951 	 7.7083 	 0.6667 
41.2986 	 8.1818 	 0.9441 
41.3021 	 8.8750 	 0.6667 
41.3056 	 8.2807 	 0.8070 
41.3090 	 7.5934 	 1.0581 
41.3125 	 7.3158 	 0.8596 
41.3160 	 7.3237 	 0.5602 
41.3194 	 7.9474 	 0.9474 
41.3229 	 7.9752 	 0.9711 
41.3264 	 8.6316 	 0.9298 
41.3299 	 8.0579 	 0.7645 
41.3333 	 8.6316 	 0.9123 
41.3368 	 8.7397 	 0.8264 
41.3403 	 8.2632 	 0.7895 
41.3438 	 8.9463 	 0.7851 
41.3472 	 8.3451 	 0.8803 
41.3507 	 9.8554 	 0.7645 
41.3542 	 8.0282 	 0.8979 
41.3576 	 8.7397 	 0.8058 
41.3611 	 8.6620 	 0.9155 
41.3646 	 10.0000 	 0.9917 
41.3681 	 8.8556 	 0.9155 
41.3715 	 8.3678 	 0.8471 
41.3750 	 7.5176 	 0.6690 
41.3785 	 9.1770 	 0.8025 
41.3819 	 8.8556 	 0.7923 
41.3854 	 9.2387 	 0.9053 
41.3889 	 8.2923 	 0.6866 
41.3924 	 8.2922 	 0.8230 
41.3958 	 7.9401 	 0.6866 
41.3993 	 8.2099 	 0.6584 
41.4028 	 8.2923 	 0.7570 
41.4063 	 7.7572 	 0.8025 
41.4097 	 8.3922 	 0.8657 
41.4132 	 8.6214 	 0.7819 
41.4167 	 8.2509 	 0.7244 
41.4201 	 9.1564 	 0.8436 
41.4236 	 8.2447 	 0.8688 
41.4271 	 8.5041 	 0.6148 
41.4306 	 9.2730 	 0.9043 
41.4340 	 9.2449 	 0.7347 
41.4375 	 7.8014 	 0.6028 
41.4410 	 9.0816 	 0.7755 
41.4444 	 7.0035 	 0.9220 
41.4479 	 7.1633 	 0.5918 
41.4514 	 6.5426 	 0.6206 
41.4549 	 5.9184 	 0.5510 
41.4583 	 5.9574 	 0.8865 
41.4618 	 6.3469 	 0.6327 
41.4653 	 5.5516 	 0.5694 
41.4688 	 4.6531 	 0.7959 
41.4722 	 4.8577 	 0.6940 
41.4757 	 5.2041 	 0.6939 
41.4792 	 5.3025 	 0.8541 
41.4826 	 4.6327 	 0.6939 
41.4861 	 5.2847 	 0.6584 
41.4896 	 4.1224 	 0.9184 
41.4931 	 4.3060 	 0.6050 
41.4965 	 4.4715 	 0.8943 
41.5000 	 3.8256 	 0.8541 
41.5035 	 3.5163 	 0.4878 
41.5069 	 3.6833 	 0.7651 
41.5104 	 3.6585 	 0.7520 
41.5139 	 3.2028 	 0.5516 
41.5174 	 3.3333 	 0.5488 
41.5208 	 3.0536 	 0.6429 
41.5243 	 3.4959 	 0.4878 
41.5278 	 3.8929 	 0.8393 
41.5313 	 3.0081 	 0.4878 
41.5347 	 3.7321 	 0.7143 
41.5382 	 3.0894 	 0.6911 
41.5417 	 3.5357 	 0.7500 
41.5451 	 3.2114 	 0.6301 
41.5486 	 3.9247 	 0.7885 
41.5521 	 3.1452 	 0.5847 
41.5556 	 3.5663 	 0.4480 
41.5590 	 3.1048 	 0.7258 
41.5625 	 3.5663 	 0.7527 
41.5660 	 3.4677 	 0.5847 
41.5694 	 3.0466 	 0.7527 
41.5729 	 2.9032 	 0.7661 
41.5764 	 2.5540 	 0.5216 
41.5799 	 2.6008 	 0.5040 
41.5833 	 3.3273 	 0.5576 
41.5868 	 3.2863 	 0.5847 
41.5903 	 2.7878 	 0.5576 
41.5938 	 3.4073 	 0.5847 
41.5972 	 2.8777 	 0.6835 
41.6007 	 2.5806 	 0.7863 
41.6042 	 2.8777 	 0.6655 
41.6076 	 2.8715 	 0.6024 
41.6111 	 3.3094 	 0.8094 
41.6146 	 2.9719 	 0.7028 
41.6181 	 3.2734 	 0.7014 
41.6215 	 3.9558 	 0.6627 
41.6250 	 4.2266 	 0.6835 
41.6285 	 4.3775 	 0.8233 
41.6319 	 5.7581 	 0.9928 
41.6354 	 4.8594 	 1.0241 
41.6389 	 5.6137 	 0.8303 
41.6424 	 4.5582 	 0.8032 
41.6458 	 5.0000 	 0.8664 
41.6493 	 4.3373 	 0.9036 
41.6528 	 4.5126 	 0.8484 
41.6563 	 4.1767 	 0.7229 
41.6597 	 4.2419 	 0.8123 
41.6632 	 4.3000 	 0.6200 
41.6667 	 4.2935 	 0.7609 
41.6701 	 3.9243 	 0.8964 
41.6736 	 3.8225 	 0.6703 
41.6771 	 3.9044 	 0.5378 
41.6806 	 4.5833 	 0.6522 
41.6840 	 4.0837 	 0.7570 
41.6875 	 4.6545 	 0.9091 
41.6910 	 4.6016 	 0.5777 
41.6944 	 4.0909 	 0.7273 
41.6979 	 4.4422 	 0.6375 
41.7014 	 4.3455 	 0.6727 
41.7049 	 3.9641 	 0.6773 
41.7083 	 4.0182 	 0.7455 
41.7118 	 4.0239 	 0.8367 
41.7153 	 4.3818 	 0.9455 
41.7188 	 4.4444 	 1.0317 
41.7222 	 4.4909 	 0.5091 
41.7257 	 4.6429 	 0.6548 
41.7292 	 4.9091 	 0.8182 
41.7326 	 4.9008 	 0.9127 
41.7361 	 5.0000 	 0.9273 
41.7396 	 5.1786 	 0.8929 
41.7431 	 4.7080 	 0.7664 
41.7465 	 4.9802 	 0.7540 
41.7500 	 4.5255 	 0.8759 
41.7535 	 4.4643 	 0.9127 
41.7569 	 4.6533 	 1.0036 
41.7604 	 3.9881 	 0.6151 
41.7639 	 4.5620 	 0.7117 
41.7674 	 4.0079 	 0.8135 
41.7708 	 3.6496 	 0.8029 
41.7743 	 4.1502 	 0.8893 
41.7778 	 4.6715 	 0.9672 
41.7813 	 4.7036 	 0.6719 
41.7847 	 3.9599 	 0.8759 
41.7882 	 4.4269 	 0.7708 
41.7917 	 4.9451 	 0.9707 
41.7951 	 4.2323 	 0.8268 
41.7986 	 4.0993 	 0.7353 
41.8021 	 3.4449 	 0.7677 
41.8056 	 4.7794 	 0.7721 
41.8090 	 4.3898 	 0.7874 
41.8125 	 4.5772 	 0.8088 
41.8160 	 4.9409 	 0.8661 
41.8194 	 4.0625 	 0.7169 
41.8229 	 3.8976 	 0.8465 
41.8264 	 3.3456 	 0.5331 
41.8299 	 3.6275 	 0.8824 
41.8333 	 3.5846 	 0.7537 
41.8368 	 4.0980 	 0.6471 
41.8403 	 3.9706 	 0.8824 
41.8438 	 3.4510 	 0.8235 
41.8472 	 4.2831 	 0.8088 
41.8507 	 4.3529 	 0.6275 
41.8542 	 3.8192 	 0.8118 
41.8576 	 3.9020 	 0.7451 
41.8611 	 4.1513 	 0.5166 
41.8646 	 4.1569 	 0.8431 
41.8681 	 3.8192 	 0.7934 
41.8715 	 4.3137 	 0.7647 
41.8750 	 4.6125 	 0.7934 
41.8785 	 4.8431 	 0.8235 
41.8819 	 4.5018 	 0.9410 
41.8854 	 4.3359 	 0.7422 
41.8889 	 5.0369 	 0.9779 
41.8924 	 4.8242 	 0.6641 
41.8958 	 4.4280 	 0.9225 
41.8993 	 5.2148 	 0.8594 
41.9028 	 5.8487 	 0.7565 
41.9063 	 4.9023 	 1.0938 
41.9097 	 4.6840 	 0.9480 
41.9132 	 4.9416 	 0.8560 
41.9167 	 4.9442 	 0.9665 
41.9201 	 5.8949 	 0.8560 
41.9236 	 5.3903 	 0.7621 
41.9271 	 5.7977 	 0.7198 
41.9306 	 5.1859 	 0.7249 
41.9340 	 5.1550 	 0.7946 
41.9375 	 5.2788 	 0.8178 
41.9410 	 5.9109 	 1.1240 
41.9444 	 5.5204 	 0.9480 
41.9479 	 5.2713 	 0.8333 
41.9514 	 5.5948 	 0.8922 
41.9549 	 5.5426 	 1.0659 
41.9583 	 5.7993 	 0.8736 
41.9618 	 5.6202 	 0.8333 
41.9653 	 6.1567 	 0.8769 
41.9688 	 6.0853 	 0.9302 
41.9722 	 5.8955 	 0.9515 
41.9757 	 5.7171 	 1.0271 
41.9792 	 5.7276 	 1.0075 
41.9826 	 5.7364 	 1.0078 
41.9861 	 5.2799 	 0.8582 
41.9896 	 5.6564 	 1.2162 
41.9931 	 5.8209 	 0.6903 
41.9965 	 6.6409 	 1.2548 
42.0000 	 6.1423 	 1.0487 
