Time-Day of Year 	 Electron flux 	 Proton flux 	 (Flux in the units of counts/sq cm.sec.sr) 
316.0035 	 819.2308 	 1.4530 
316.0069 	 861.3140 	 1.5700 
316.0104 	 873.9103 	 1.4530 
316.0139 	 918.0887 	 1.8942 
316.0174 	 941.7094 	 1.4103 
316.0208 	 935.7509 	 1.7577 
316.0243 	 958.8197 	 1.7597 
316.0278 	 955.4437 	 1.9113 
316.0313 	 979.1416 	 1.6524 
316.0347 	 981.7918 	 1.4846 
316.0382 	 992.4034 	 1.5665 
316.0417 	 1017.1843 	 1.6382 
316.0451 	 1041.3734 	 1.7382 
316.0486 	 1097.3720 	 1.6724 
316.0521 	 1082.8541 	 1.7597 
316.0556 	 1125.4281 	 1.5582 
316.0590 	 1144.8291 	 1.5385 
316.0625 	 1169.1809 	 1.5700 
316.0660 	 1176.9231 	 1.9872 
316.0694 	 1228.1911 	 2.0478 
316.0729 	 1244.3590 	 1.9231 
316.0764 	 1291.7065 	 1.6212 
316.0799 	 1312.4464 	 1.6953 
316.0833 	 1329.1638 	 1.5700 
316.0868 	 1332.7897 	 1.9528 
316.0903 	 1359.9317 	 1.8259 
316.0938 	 1381.3734 	 2.1459 
316.0972 	 1407.4915 	 1.7918 
316.1007 	 1449.5923 	 1.5451 
316.1042 	 1472.1502 	 1.7406 
316.1076 	 1508.0043 	 1.9957 
316.1111 	 1533.0205 	 1.8259 
316.1146 	 1544.6154 	 1.9231 
316.1181 	 1600.6314 	 1.7577 
316.1215 	 1597.6282 	 1.9231 
316.1250 	 1657.1502 	 1.7747 
316.1285 	 1719.0385 	 2.2650 
316.1319 	 1744.4369 	 2.1160 
316.1354 	 1808.6052 	 1.9957 
316.1389 	 1654.8635 	 1.8430 
316.1424 	 1628.1116 	 1.8240 
316.1458 	 1669.1809 	 1.7747 
316.1493 	 1696.1588 	 1.9742 
316.1528 	 1608.4642 	 1.9625 
316.1563 	 1758.8627 	 2.1030 
316.1597 	 1867.6451 	 1.6212 
316.1632 	 1836.4807 	 1.9528 
316.1667 	 1924.0444 	 1.9283 
316.1701 	 1929.7222 	 2.0940 
316.1736 	 1925.0853 	 2.0137 
316.1771 	 1955.0641 	 2.3932 
316.1806 	 1953.7158 	 1.9863 
316.1840 	 1949.7863 	 1.9444 
316.1875 	 2019.1468 	 2.2014 
316.1910 	 2107.8541 	 2.0386 
316.1944 	 2159.7782 	 2.7133 
316.1979 	 2152.0815 	 2.4893 
316.2014 	 1986.1604 	 2.2014 
316.2049 	 1993.6481 	 2.3176 
316.2083 	 1977.9863 	 1.9625 
316.2118 	 1976.3948 	 2.3605 
316.2153 	 1905.0512 	 1.9966 
316.2188 	 1890.9657 	 2.1245 
316.2222 	 1921.7747 	 2.3038 
316.2257 	 1949.7222 	 2.1368 
316.2292 	 1792.0648 	 1.8942 
316.2326 	 1948.9530 	 1.9444 
316.2361 	 1939.0785 	 2.2014 
316.2396 	 1943.2692 	 2.2650 
316.2431 	 1918.0375 	 2.2696 
316.2465 	 1914.8498 	 2.0386 
316.2500 	 1924.3686 	 1.6553 
316.2535 	 1953.7554 	 2.5751 
316.2569 	 1906.0922 	 2.2696 
316.2604 	 1916.7167 	 2.2103 
316.2639 	 1892.5085 	 1.7918 
316.2674 	 1826.0944 	 1.4378 
316.2708 	 1802.7474 	 2.0137 
316.2743 	 1780.6438 	 2.2103 
316.2778 	 1763.4300 	 2.2014 
316.2813 	 1757.3932 	 1.8162 
316.2847 	 1749.6587 	 2.0478 
316.2882 	 1698.2906 	 2.1154 
316.2917 	 1671.1945 	 1.8259 
316.2951 	 1656.2179 	 2.2863 
316.2986 	 1677.8157 	 2.0819 
316.3021 	 1671.8534 	 1.8966 
316.3056 	 1707.4061 	 2.2355 
316.3090 	 1695.5365 	 2.0601 
316.3125 	 1704.0614 	 1.8430 
316.3160 	 1679.9142 	 2.4034 
316.3194 	 1604.6416 	 1.8771 
316.3229 	 1569.7639 	 2.0601 
316.3264 	 1553.6689 	 1.8601 
316.3299 	 1501.0300 	 1.9099 
316.3333 	 1487.7133 	 1.9113 
316.3368 	 1482.6923 	 1.8803 
316.3403 	 1488.7884 	 2.0307 
316.3438 	 1505.6197 	 1.5598 
316.3472 	 1536.6212 	 1.9625 
316.3507 	 1544.2308 	 1.7521 
316.3542 	 1618.7031 	 1.8601 
316.3576 	 1628.0472 	 1.7167 
316.3611 	 1676.1945 	 1.8430 
316.3646 	 1646.1159 	 2.1459 
316.3681 	 1635.8874 	 1.8942 
316.3715 	 1585.1931 	 1.5880 
316.3750 	 1529.5222 	 1.7918 
316.3785 	 1447.8970 	 2.1030 
316.3819 	 1614.5051 	 1.9283 
316.3854 	 1455.9227 	 1.6953 
316.3889 	 1451.9113 	 1.8089 
316.3924 	 1381.6453 	 2.2436 
316.3958 	 1313.2082 	 2.0478 
316.3993 	 1287.0085 	 1.9017 
316.4028 	 1259.9829 	 1.8259 
316.4063 	 1239.6795 	 1.7094 
316.4097 	 1218.7201 	 1.4676 
316.4132 	 1275.8155 	 1.9742 
316.4167 	 1220.3072 	 2.0819 
316.4201 	 1218.0043 	 1.7167 
316.4236 	 1179.0068 	 1.7123 
316.4271 	 1073.4120 	 1.6094 
316.4306 	 1054.2491 	 1.8430 
316.4340 	 1062.6180 	 2.0386 
316.4375 	 1069.1638 	 1.8601 
316.4410 	 1052.8970 	 1.8455 
316.4444 	 1034.3515 	 1.7235 
316.4479 	 1024.3376 	 1.5812 
316.4514 	 995.9727 	 1.9283 
316.4549 	 998.5256 	 1.9444 
316.4583 	 1008.5666 	 2.1331 
316.4618 	 1014.1453 	 1.7521 
316.4653 	 994.3515 	 1.8259 
316.4688 	 966.5880 	 1.6309 
316.4722 	 961.5188 	 1.9795 
316.4757 	 932.0386 	 2.0815 
316.4792 	 897.9693 	 2.2867 
316.4826 	 924.1416 	 1.8455 
316.4861 	 895.6826 	 1.9283 
316.4896 	 875.2360 	 2.0172 
316.4931 	 889.0273 	 1.7406 
316.4965 	 882.7039 	 1.9313 
316.5000 	 827.4744 	 2.0478 
316.5035 	 849.7436 	 1.7735 
316.5069 	 818.2594 	 1.6894 
316.5104 	 819.9359 	 2.0726 
316.5139 	 798.7884 	 2.1331 
316.5174 	 779.8504 	 1.7949 
316.5208 	 785.0853 	 1.8601 
316.5243 	 770.2360 	 1.7167 
316.5278 	 737.9352 	 1.5529 
316.5313 	 740.7725 	 1.8240 
316.5347 	 736.6382 	 1.9454 
316.5382 	 716.4807 	 1.9313 
316.5417 	 697.4915 	 1.7747 
316.5451 	 666.3147 	 1.7457 
316.5486 	 639.1809 	 2.0819 
316.5521 	 634.0773 	 1.8884 
316.5556 	 593.8567 	 2.0478 
316.5590 	 597.6282 	 1.6880 
316.5625 	 615.9556 	 1.6212 
316.5660 	 598.7179 	 1.8162 
316.5694 	 565.1707 	 1.8601 
316.5729 	 549.6368 	 1.8590 
316.5764 	 549.7782 	 1.6041 
316.5799 	 506.5665 	 1.8026 
316.5833 	 488.5324 	 2.0307 
316.5868 	 496.1373 	 1.8240 
316.5903 	 472.5256 	 1.9113 
316.5938 	 505.6867 	 2.1245 
316.5972 	 469.5563 	 2.0478 
316.6007 	 415.7081 	 1.7811 
316.6042 	 378.2082 	 2.1331 
316.6076 	 383.5408 	 2.2747 
316.6111 	 392.0990 	 2.3038 
316.6146 	 378.9316 	 2.0513 
316.6181 	 364.1809 	 1.9113 
316.6215 	 353.8462 	 1.7735 
316.6250 	 339.0444 	 1.8089 
316.6285 	 313.5897 	 2.1795 
316.6319 	 296.1945 	 1.8259 
316.6354 	 296.5880 	 1.7382 
316.6389 	 294.4198 	 1.9966 
316.6424 	 287.6395 	 1.8026 
316.6458 	 272.6792 	 1.5870 
316.6493 	 271.9099 	 1.7167 
316.6528 	 291.8430 	 2.2526 
316.6563 	 264.0343 	 1.5880 
316.6597 	 248.6348 	 1.4334 
316.6632 	 239.1846 	 1.1803 
316.6667 	 225.9589 	 1.3014 
316.6701 	 269.0171 	 1.3034 
316.6736 	 328.7372 	 1.8430 
316.6771 	 316.2179 	 1.6239 
316.6806 	 355.4266 	 1.9454 
316.6840 	 343.0342 	 1.8162 
316.6875 	 329.2833 	 1.9625 
316.6910 	 322.6609 	 1.7167 
316.6944 	 341.9795 	 2.2355 
316.6979 	 324.9785 	 1.8455 
316.7014 	 336.3823 	 1.9454 
316.7049 	 364.8069 	 2.2532 
316.7083 	 360.3584 	 2.2355 
316.7118 	 363.4549 	 2.1674 
316.7153 	 359.8806 	 1.7065 
316.7188 	 378.3906 	 2.1030 
316.7222 	 375.9556 	 1.9966 
316.7257 	 388.7179 	 2.2436 
316.7292 	 394.8123 	 2.0648 
316.7326 	 401.0043 	 2.0940 
316.7361 	 400.1194 	 2.0648 
316.7396 	 391.6026 	 1.9872 
316.7431 	 396.3140 	 2.1160 
316.7465 	 381.7167 	 2.1674 
316.7500 	 400.3584 	 2.1502 
316.7535 	 392.9614 	 1.8026 
316.7569 	 385.3925 	 1.9966 
316.7604 	 383.8197 	 1.6524 
316.7639 	 390.2218 	 1.7406 
316.7674 	 383.1331 	 2.1459 
316.7708 	 369.6928 	 1.8942 
316.7743 	 376.1966 	 2.2650 
316.7778 	 359.8635 	 1.9454 
316.7813 	 337.0299 	 2.2863 
316.7847 	 355.0171 	 1.9966 
316.7882 	 343.3047 	 1.3734 
316.7917 	 344.3515 	 1.8259 
316.7951 	 345.7265 	 1.6239 
316.7986 	 330.7509 	 2.0819 
316.8021 	 338.9700 	 2.1030 
316.8056 	 335.1877 	 2.1160 
316.8090 	 338.0901 	 1.5880 
316.8125 	 334.6758 	 2.0307 
316.8160 	 329.9571 	 1.3519 
316.8194 	 322.7304 	 1.8259 
316.8229 	 323.0043 	 1.6738 
316.8264 	 311.4505 	 1.7065 
316.8299 	 309.2735 	 1.7735 
316.8333 	 307.6280 	 1.8259 
316.8368 	 308.6111 	 1.8376 
316.8403 	 293.2253 	 1.8089 
316.8438 	 293.8889 	 1.6880 
316.8472 	 298.9761 	 1.6041 
316.8507 	 298.9700 	 1.5880 
316.8542 	 292.7645 	 1.6553 
316.8576 	 291.5021 	 1.4807 
316.8611 	 295.9044 	 1.5358 
316.8646 	 306.3519 	 1.5236 
316.8681 	 308.0887 	 1.3481 
316.8715 	 328.2833 	 1.6094 
316.8750 	 314.1809 	 1.5188 
316.8785 	 329.0343 	 1.5451 
316.8819 	 346.0068 	 1.3311 
316.8854 	 372.0086 	 1.6239 
316.8889 	 428.9249 	 1.6553 
316.8924 	 499.8077 	 1.5812 
316.8958 	 549.7270 	 1.6212 
316.8993 	 570.5983 	 1.5171 
316.9028 	 555.8191 	 1.9966 
316.9063 	 545.2360 	 1.4592 
316.9097 	 560.2226 	 1.6952 
316.9132 	 596.7382 	 1.9957 
316.9167 	 629.7782 	 1.7577 
316.9201 	 661.0944 	 1.7167 
316.9236 	 689.9829 	 2.1160 
316.9271 	 658.0687 	 2.2103 
316.9306 	 699.2491 	 2.1160 
316.9340 	 702.2532 	 1.8670 
316.9375 	 705.2901 	 1.9966 
316.9410 	 731.7735 	 1.4530 
316.9444 	 741.8259 	 1.9454 
316.9479 	 754.3376 	 2.0299 
316.9514 	 769.0444 	 1.8259 
316.9549 	 806.0470 	 2.0726 
316.9583 	 776.2116 	 1.6553 
316.9618 	 774.5708 	 1.7382 
316.9653 	 780.0341 	 2.3549 
316.9688 	 745.8798 	 1.4807 
316.9722 	 769.3003 	 1.6382 
316.9757 	 805.9442 	 1.6309 
316.9792 	 792.0648 	 2.2014 
316.9826 	 780.5579 	 1.8240 
316.9861 	 808.9079 	 1.7235 
316.9896 	 841.3734 	 2.1459 
316.9931 	 876.2628 	 1.8942 
316.9965 	 876.2821 	 1.7308 
317.0000 	 860.3596 	 1.9178 
