Time-Day of Year 	 Electron flux 	 Proton flux 	 (Flux in the units of counts/sq cm.sec.sr) 
57.0035 	 19.0171 	 0.5769 
57.0069 	 17.6962 	 0.6655 
57.0104 	 17.8755 	 0.6652 
57.0139 	 19.1809 	 0.6314 
57.0174 	 19.8498 	 0.6009 
57.0208 	 24.3174 	 0.8703 
57.0243 	 25.3863 	 0.9013 
57.0278 	 20.7679 	 0.8020 
57.0313 	 25.4506 	 0.7296 
57.0347 	 34.8976 	 0.8362 
57.0382 	 44.4206 	 0.9227 
57.0417 	 40.0000 	 0.8703 
57.0451 	 37.8419 	 0.9188 
57.0486 	 39.4710 	 0.7167 
57.0521 	 41.9528 	 0.5579 
57.0556 	 46.8430 	 0.8362 
57.0590 	 47.4359 	 0.9829 
57.0625 	 44.6928 	 0.8020 
57.0660 	 42.4249 	 0.8798 
57.0694 	 43.9932 	 0.7679 
57.0729 	 47.2103 	 0.6867 
57.0764 	 49.5051 	 0.8532 
57.0799 	 55.6223 	 0.8584 
57.0833 	 60.4608 	 1.0239 
57.0868 	 65.3004 	 0.8369 
57.0903 	 61.1433 	 0.9215 
57.0938 	 61.5236 	 0.9013 
57.0972 	 65.8191 	 1.0068 
57.1007 	 74.5299 	 0.7479 
57.1042 	 81.4334 	 1.0239 
57.1076 	 81.8376 	 0.9615 
57.1111 	 89.1638 	 0.7338 
57.1146 	 86.8162 	 0.8761 
57.1181 	 93.2082 	 1.1092 
57.1215 	 101.5880 	 1.2017 
57.1250 	 106.1433 	 0.9556 
57.1285 	 110.1717 	 0.9871 
57.1319 	 109.4881 	 0.8532 
57.1354 	 110.2790 	 1.3948 
57.1389 	 110.0694 	 1.1979 
57.1424 	 116.6595 	 1.0560 
57.1458 	 118.0887 	 0.9898 
57.1493 	 113.5193 	 0.9227 
57.1528 	 122.1331 	 1.0922 
57.1563 	 120.5983 	 1.0684 
57.1597 	 125.7850 	 0.9215 
57.1632 	 133.1838 	 1.1966 
57.1667 	 142.2526 	 1.0068 
57.1701 	 139.7863 	 1.1325 
57.1736 	 144.1267 	 1.1644 
57.1771 	 146.8455 	 0.9013 
57.1806 	 155.5120 	 0.9556 
57.1840 	 168.3476 	 1.2232 
57.1875 	 172.4232 	 1.0751 
57.1910 	 182.5751 	 0.8584 
57.1944 	 177.0137 	 0.9044 
57.1979 	 177.7468 	 0.7725 
57.2014 	 191.7577 	 1.2287 
57.2049 	 184.1202 	 1.0730 
57.2083 	 202.5768 	 1.1604 
57.2118 	 224.3162 	 1.0897 
57.2153 	 224.5017 	 1.2027 
57.2188 	 217.2009 	 0.9829 
57.2222 	 218.6007 	 1.1945 
57.2257 	 233.3547 	 1.2607 
57.2292 	 242.5597 	 1.1945 
57.2326 	 250.4292 	 1.0086 
57.2361 	 251.1263 	 1.0580 
57.2396 	 251.1588 	 0.9013 
57.2431 	 248.1911 	 1.3140 
57.2465 	 246.5451 	 1.0300 
57.2500 	 247.1160 	 1.0410 
57.2535 	 251.5236 	 0.9442 
57.2569 	 257.9522 	 1.2628 
57.2604 	 255.0215 	 1.0730 
57.2639 	 271.6041 	 0.9556 
57.2674 	 286.2821 	 1.2179 
57.2708 	 309.6758 	 0.9215 
57.2743 	 309.1239 	 1.0897 
57.2778 	 312.6792 	 1.1604 
57.2813 	 346.6453 	 1.4103 
57.2847 	 353.1570 	 1.2628 
57.2882 	 354.9571 	 1.5451 
57.2917 	 367.9864 	 1.3140 
57.2951 	 367.1121 	 1.2931 
57.2986 	 370.3072 	 1.2628 
57.3021 	 377.7682 	 1.3090 
57.3056 	 402.9522 	 1.2969 
57.3090 	 410.3863 	 1.1373 
57.3125 	 420.2389 	 1.4846 
57.3160 	 428.3476 	 0.9657 
57.3194 	 418.9590 	 1.5188 
57.3229 	 416.4103 	 1.3462 
57.3264 	 433.4300 	 1.3823 
57.3299 	 414.6154 	 1.4744 
57.3333 	 388.7031 	 1.2969 
57.3368 	 388.8248 	 1.4744 
57.3403 	 377.7474 	 1.2287 
57.3438 	 370.6009 	 1.2017 
57.3472 	 377.0478 	 1.2628 
57.3507 	 413.0901 	 1.1159 
57.3542 	 400.4266 	 1.5188 
57.3576 	 399.8498 	 1.1373 
57.3611 	 400.0000 	 1.2457 
57.3646 	 414.5064 	 1.5665 
57.3681 	 416.2628 	 1.3823 
57.3715 	 409.6352 	 1.0730 
57.3750 	 424.4710 	 1.3481 
57.3785 	 420.0427 	 1.2821 
57.3819 	 437.7986 	 1.1263 
57.3854 	 474.1026 	 1.1325 
57.3889 	 490.0000 	 1.5700 
57.3924 	 515.3419 	 1.2393 
57.3958 	 519.6416 	 1.3140 
57.3993 	 490.8369 	 1.4592 
57.4028 	 416.4676 	 1.2457 
57.4063 	 423.4120 	 1.3734 
57.4097 	 434.5904 	 1.3311 
57.4132 	 390.6438 	 1.1373 
57.4167 	 394.8464 	 1.0922 
57.4201 	 387.0259 	 1.4440 
57.4236 	 363.5495 	 1.3481 
57.4271 	 376.5236 	 1.3734 
57.4306 	 377.1502 	 1.4676 
57.4340 	 334.7222 	 1.1325 
57.4375 	 318.7372 	 1.3481 
57.4410 	 341.1538 	 1.2821 
57.4444 	 340.1194 	 1.2628 
57.4479 	 343.9316 	 1.1538 
57.4514 	 298.3618 	 0.7850 
57.4549 	 335.9657 	 1.0730 
57.4583 	 377.5597 	 1.2969 
57.4618 	 329.6137 	 1.0086 
57.4653 	 316.2457 	 1.2628 
57.4688 	 349.6781 	 1.1803 
57.4722 	 290.4110 	 1.1644 
57.4757 	 275.7940 	 1.3734 
57.4792 	 275.3242 	 1.5017 
57.4826 	 268.0901 	 1.4163 
57.4861 	 249.2833 	 1.0751 
57.4896 	 221.9658 	 1.1966 
57.4931 	 190.9044 	 1.1263 
57.4965 	 166.0470 	 1.1752 
57.5000 	 164.1468 	 1.1775 
57.5035 	 165.0000 	 1.2393 
57.5069 	 167.3038 	 1.4846 
57.5104 	 164.4850 	 1.4807 
57.5139 	 165.4266 	 1.2457 
57.5174 	 156.0515 	 1.1588 
57.5208 	 161.9454 	 0.9898 
57.5243 	 160.5150 	 1.5021 
57.5278 	 166.8430 	 1.1263 
57.5313 	 178.5837 	 1.1588 
57.5347 	 169.8635 	 1.3652 
57.5382 	 163.7339 	 1.2876 
57.5417 	 166.3823 	 1.2457 
57.5451 	 163.3262 	 1.2017 
57.5486 	 160.3242 	 1.1945 
57.5521 	 155.0855 	 1.5812 
57.5556 	 155.1706 	 0.9044 
57.5590 	 151.4530 	 0.8761 
57.5625 	 149.4710 	 1.1263 
57.5660 	 140.9013 	 1.0515 
57.5694 	 135.8191 	 1.1945 
57.5729 	 128.9700 	 1.0086 
57.5764 	 126.6212 	 1.0751 
57.5799 	 123.9914 	 0.9871 
57.5833 	 116.6382 	 0.8703 
57.5868 	 112.4034 	 1.1588 
57.5903 	 109.3686 	 1.1945 
57.5938 	 99.2918 	 0.9871 
57.5972 	 102.2867 	 0.9727 
57.6007 	 95.9402 	 0.8120 
57.6042 	 71.6212 	 0.9727 
57.6076 	 35.0214 	 0.7692 
57.6111 	 35.7167 	 1.0239 
57.6146 	 46.4316 	 0.6410 
57.6181 	 55.1195 	 0.8874 
57.6215 	 42.6068 	 0.8974 
57.6250 	 30.8020 	 0.9898 
57.6285 	 30.6438 	 0.6223 
57.6319 	 41.3652 	 0.9386 
57.6354 	 66.4807 	 0.9657 
57.6389 	 75.4949 	 1.1433 
57.6424 	 64.8712 	 1.2232 
57.6458 	 52.2696 	 0.9898 
57.6493 	 42.2318 	 1.0730 
57.6528 	 57.9010 	 1.0751 
57.6563 	 73.2265 	 1.0043 
57.6597 	 85.2218 	 0.9386 
57.6632 	 88.7607 	 0.7906 
57.6667 	 87.2945 	 1.1301 
57.6701 	 85.2991 	 1.1752 
57.6736 	 92.8498 	 1.0922 
57.6771 	 95.3846 	 1.1325 
57.6806 	 93.4471 	 1.2799 
57.6840 	 101.5022 	 1.2017 
57.6875 	 105.2389 	 1.0410 
57.6910 	 103.9270 	 1.2661 
57.6944 	 97.0307 	 1.1092 
57.6979 	 91.2876 	 1.1373 
57.7014 	 86.0068 	 1.0922 
57.7049 	 84.5923 	 1.3948 
57.7083 	 87.9693 	 1.3311 
57.7118 	 86.5385 	 0.7906 
57.7153 	 85.0171 	 1.1092 
57.7188 	 82.4359 	 0.9615 
57.7222 	 79.8976 	 1.1775 
57.7257 	 77.3718 	 1.1111 
57.7292 	 77.7645 	 1.1092 
57.7326 	 69.9573 	 1.0684 
57.7361 	 69.1638 	 1.1433 
57.7396 	 67.7253 	 1.0086 
57.7431 	 69.8294 	 1.2628 
57.7465 	 65.4506 	 0.9657 
57.7500 	 65.5802 	 0.9044 
57.7535 	 61.3090 	 1.1803 
57.7569 	 61.1775 	 1.2457 
57.7604 	 62.8541 	 1.0086 
57.7639 	 60.5802 	 0.9898 
57.7674 	 54.1880 	 0.7692 
57.7708 	 53.9590 	 0.9044 
57.7743 	 53.7393 	 0.8547 
57.7778 	 53.7031 	 1.1604 
57.7813 	 49.4017 	 1.0470 
57.7847 	 50.8532 	 1.1263 
57.7882 	 47.9399 	 1.0300 
57.7917 	 45.6336 	 1.1986 
57.7951 	 47.5536 	 0.8584 
57.7986 	 45.8703 	 1.0068 
57.8021 	 44.8498 	 1.2017 
57.8056 	 44.4710 	 1.4334 
57.8090 	 44.3133 	 1.0300 
57.8125 	 43.3106 	 1.1604 
57.8160 	 44.6781 	 1.0730 
57.8194 	 41.2457 	 1.1775 
57.8229 	 44.2308 	 0.9402 
57.8264 	 42.1843 	 0.9898 
57.8299 	 45.0000 	 1.0470 
57.8333 	 42.6109 	 1.0410 
57.8368 	 44.4658 	 1.3248 
57.8403 	 43.2594 	 1.0751 
57.8438 	 40.4721 	 1.0730 
57.8472 	 41.2287 	 1.2457 
57.8507 	 41.5880 	 1.1803 
57.8542 	 40.6655 	 0.9898 
57.8576 	 39.8069 	 0.9657 
57.8611 	 35.8703 	 1.1604 
57.8646 	 35.7940 	 1.1159 
57.8681 	 36.1775 	 0.9727 
57.8715 	 36.5021 	 1.0944 
57.8750 	 37.5768 	 1.3481 
57.8785 	 37.9487 	 1.2393 
57.8819 	 41.6212 	 1.0922 
57.8854 	 42.0940 	 1.0256 
57.8889 	 41.3311 	 1.2116 
57.8924 	 44.2521 	 1.1966 
57.8958 	 46.0239 	 1.1263 
57.8993 	 48.8412 	 1.0730 
57.9028 	 51.6724 	 0.9386 
57.9063 	 53.2403 	 0.9657 
57.9097 	 53.2082 	 0.9727 
57.9132 	 47.7155 	 1.1638 
57.9167 	 42.0819 	 1.2287 
57.9201 	 38.1116 	 0.8155 
57.9236 	 34.3345 	 1.1263 
57.9271 	 30.9871 	 0.8584 
57.9306 	 28.1911 	 1.1433 
57.9340 	 27.4359 	 1.3675 
57.9375 	 27.3038 	 1.0922 
57.9410 	 27.0726 	 0.9188 
57.9444 	 27.3891 	 1.0068 
57.9479 	 22.7350 	 1.1325 
57.9514 	 22.1672 	 0.8532 
57.9549 	 21.9313 	 0.8584 
57.9583 	 22.7645 	 0.8874 
57.9618 	 22.8970 	 1.0300 
57.9653 	 33.4471 	 0.8191 
57.9688 	 25.4721 	 0.7725 
57.9722 	 29.7611 	 1.0922 
57.9757 	 23.3047 	 0.8584 
57.9792 	 21.0922 	 0.6655 
57.9826 	 12.2103 	 0.6438 
57.9861 	 10.9898 	 0.6655 
57.9896 	 20.2991 	 0.9615 
57.9931 	 58.6348 	 1.4505 
57.9965 	 62.0727 	 1.3462 
58.0000 	 80.6164 	 1.3356 
