Time-Day of Year 	 Electron flux 	 Proton flux 	 (Flux in the units of counts/sq cm.sec.sr) 
287.0035 	 251.7597 	 1.4378 
287.0069 	 241.7235 	 1.6212 
287.0104 	 287.5751 	 1.3734 
287.0139 	 271.9113 	 1.6041 
287.0174 	 323.8841 	 1.1588 
287.0208 	 332.0648 	 1.5017 
287.0243 	 192.0940 	 1.6880 
287.0278 	 137.1672 	 1.0751 
287.0313 	 249.4231 	 1.2607 
287.0347 	 345.3413 	 1.8430 
287.0382 	 425.4914 	 1.4316 
287.0417 	 412.5256 	 1.7918 
287.0451 	 441.1373 	 1.3948 
287.0486 	 410.2226 	 1.6096 
287.0521 	 356.5880 	 1.2232 
287.0556 	 316.0239 	 1.1945 
287.0590 	 277.5322 	 1.4807 
287.0625 	 245.9727 	 1.3652 
287.0660 	 208.0687 	 1.5236 
287.0694 	 191.9966 	 1.1263 
287.0729 	 188.6266 	 1.1588 
287.0764 	 228.8396 	 1.5188 
287.0799 	 236.5171 	 1.6667 
287.0833 	 277.9522 	 1.4334 
287.0868 	 236.4530 	 1.3675 
287.0903 	 246.4505 	 1.3823 
287.0938 	 254.8718 	 1.6880 
287.0972 	 245.0853 	 1.5700 
287.1007 	 262.8755 	 1.3948 
287.1042 	 271.3140 	 1.5358 
287.1076 	 291.2661 	 1.3948 
287.1111 	 297.1843 	 1.6212 
287.1146 	 275.5794 	 1.5236 
287.1181 	 264.2833 	 1.3823 
287.1215 	 276.2017 	 1.2876 
287.1250 	 307.4915 	 1.2628 
287.1285 	 334.0343 	 1.6524 
287.1319 	 365.4266 	 1.5700 
287.1354 	 406.9231 	 1.4103 
287.1389 	 417.2867 	 1.5358 
287.1424 	 436.7094 	 1.4103 
287.1458 	 409.6075 	 1.5870 
287.1493 	 421.5598 	 1.4957 
287.1528 	 463.1911 	 1.5358 
287.1563 	 488.4549 	 1.5451 
287.1597 	 432.3379 	 1.7235 
287.1632 	 458.3476 	 1.7597 
287.1667 	 459.5734 	 1.1604 
287.1701 	 455.2575 	 1.8670 
287.1736 	 459.5719 	 1.4212 
287.1771 	 517.4249 	 1.7811 
287.1806 	 668.4471 	 1.6041 
287.1840 	 777.8326 	 1.6738 
287.1875 	 893.6178 	 1.8601 
287.1910 	 804.1667 	 1.7949 
287.1944 	 940.5290 	 1.6382 
287.1979 	 893.8248 	 1.4103 
287.2014 	 993.0375 	 1.4505 
287.2049 	 1046.2179 	 1.7735 
287.2083 	 967.8157 	 1.6724 
287.2118 	 1026.9742 	 1.8026 
287.2153 	 1057.6280 	 1.5700 
287.2188 	 1047.9828 	 1.6094 
287.2222 	 1249.4881 	 1.4676 
287.2257 	 1215.3648 	 1.3734 
287.2292 	 1319.0273 	 1.5358 
287.2326 	 1299.2275 	 1.5236 
287.2361 	 1404.0614 	 1.6212 
287.2396 	 1510.6652 	 1.6309 
287.2431 	 1577.1672 	 1.4846 
287.2465 	 1534.5726 	 1.5812 
287.2500 	 1563.2082 	 1.6382 
287.2535 	 1526.8803 	 1.9658 
287.2569 	 1410.8020 	 1.7235 
287.2604 	 1142.7991 	 1.4957 
287.2639 	 1068.3447 	 1.9795 
287.2674 	 1019.3133 	 1.5236 
287.2708 	 605.5290 	 1.3140 
287.2743 	 781.4592 	 1.4592 
287.2778 	 888.0546 	 1.6724 
287.2813 	 593.5837 	 1.9742 
287.2847 	 791.8771 	 1.6212 
287.2882 	 860.0429 	 1.7382 
287.2917 	 1052.3891 	 2.2355 
287.2951 	 1079.2060 	 1.9099 
287.2986 	 1480.9932 	 2.2774 
287.3021 	 1405.9402 	 2.2009 
287.3056 	 1368.6007 	 1.8601 
287.3090 	 1268.5470 	 2.1368 
287.3125 	 1466.2116 	 2.1160 
287.3160 	 1360.5983 	 1.9872 
287.3194 	 1519.2833 	 1.7235 
287.3229 	 1176.5021 	 1.5880 
287.3264 	 1334.5222 	 1.6553 
287.3299 	 1082.8326 	 1.6524 
287.3333 	 1171.3823 	 1.7065 
287.3368 	 1302.4034 	 2.1888 
287.3403 	 1229.4710 	 2.0819 
287.3438 	 1188.1330 	 1.9099 
287.3472 	 1185.8874 	 1.8942 
287.3507 	 1104.5279 	 1.5665 
287.3542 	 1037.3549 	 1.6724 
287.3576 	 1170.9829 	 2.1795 
287.3611 	 1076.3652 	 1.8601 
287.3646 	 956.5598 	 1.6880 
287.3681 	 981.6041 	 1.8601 
287.3715 	 926.5171 	 2.1581 
287.3750 	 884.6075 	 1.5358 
287.3785 	 919.0343 	 1.8240 
287.3819 	 961.2969 	 1.7065 
287.3854 	 892.0815 	 1.5665 
287.3889 	 837.4573 	 1.7747 
287.3924 	 751.1373 	 1.7597 
287.3958 	 700.3413 	 1.5358 
287.3993 	 656.9528 	 1.6309 
287.4028 	 711.9966 	 1.4505 
287.4063 	 632.2532 	 1.5021 
287.4097 	 561.9113 	 1.6553 
287.4132 	 301.2821 	 1.2393 
287.4167 	 271.8942 	 1.2969 
287.4201 	 297.1368 	 1.2179 
287.4236 	 439.3493 	 1.4384 
287.4271 	 553.5684 	 1.7521 
287.4306 	 734.3515 	 1.9283 
287.4340 	 765.1931 	 1.7811 
287.4375 	 805.9215 	 1.7747 
287.4410 	 635.4077 	 1.5021 
287.4444 	 622.9864 	 1.7918 
287.4479 	 549.1416 	 1.5880 
287.4514 	 566.5017 	 1.9966 
287.4549 	 535.7296 	 1.8026 
287.4583 	 727.9181 	 1.7747 
287.4618 	 983.9485 	 1.8026 
287.4653 	 796.8942 	 2.0990 
287.4688 	 679.6154 	 1.7521 
287.4722 	 544.2321 	 1.9283 
287.4757 	 312.0086 	 2.0726 
287.4792 	 341.5529 	 1.3481 
287.4826 	 367.7137 	 1.7735 
287.4861 	 396.1775 	 1.6724 
287.4896 	 473.6481 	 1.9528 
287.4931 	 451.4846 	 1.6382 
287.4965 	 467.0172 	 1.9957 
287.5000 	 454.1809 	 1.5358 
287.5035 	 323.1331 	 1.6953 
287.5069 	 358.9420 	 1.5017 
287.5104 	 367.9828 	 1.5021 
287.5139 	 328.1058 	 1.6041 
287.5174 	 327.1888 	 1.6953 
287.5208 	 329.4198 	 1.7406 
287.5243 	 359.2094 	 1.5385 
287.5278 	 315.2560 	 1.4164 
287.5313 	 201.2180 	 1.3034 
287.5347 	 163.8908 	 1.0922 
287.5382 	 132.8846 	 1.0470 
287.5417 	 120.1536 	 1.0410 
287.5451 	 101.2017 	 0.9871 
287.5486 	 131.3140 	 1.4334 
287.5521 	 180.0647 	 1.1422 
287.5556 	 176.2116 	 1.3481 
287.5590 	 193.9056 	 1.3519 
287.5625 	 276.1092 	 1.0068 
287.5660 	 196.5880 	 1.2661 
287.5694 	 227.4403 	 1.4846 
287.5729 	 302.1030 	 1.3305 
287.5764 	 373.8908 	 1.1775 
287.5799 	 440.5128 	 1.6453 
287.5833 	 574.0614 	 1.9283 
287.5868 	 512.2650 	 1.5171 
287.5903 	 465.4608 	 1.4846 
287.5938 	 295.6410 	 1.8376 
287.5972 	 310.5120 	 1.4505 
287.6007 	 343.0687 	 1.3519 
287.6042 	 217.8157 	 1.4676 
287.6076 	 221.8670 	 1.6738 
287.6111 	 137.0990 	 1.4505 
287.6146 	 172.5322 	 1.3305 
287.6181 	 138.1399 	 1.2457 
287.6215 	 144.8498 	 1.2661 
287.6250 	 151.0751 	 1.0751 
287.6285 	 145.4077 	 1.0086 
287.6319 	 145.0171 	 1.2457 
287.6354 	 164.8291 	 1.3034 
287.6389 	 200.1536 	 1.1092 
287.6424 	 195.9615 	 0.9188 
287.6458 	 75.5461 	 0.9386 
287.6493 	 99.0598 	 1.0684 
287.6528 	 111.5529 	 1.0239 
287.6563 	 147.2532 	 1.2446 
287.6597 	 247.6962 	 1.3652 
287.6632 	 323.1760 	 1.4163 
287.6667 	 355.9386 	 1.3311 
287.6701 	 444.1202 	 1.0730 
287.6736 	 348.7372 	 1.5358 
287.6771 	 489.8276 	 1.2931 
287.6806 	 748.2423 	 1.8601 
287.6840 	 788.4402 	 1.6026 
287.6875 	 806.4505 	 1.5529 
287.6910 	 793.8248 	 1.6667 
287.6944 	 792.8328 	 1.9454 
287.6979 	 819.5726 	 1.3675 
287.7014 	 725.6655 	 1.6212 
287.7049 	 538.9316 	 1.7949 
287.7083 	 555.5802 	 1.7235 
287.7118 	 564.3777 	 1.5451 
287.7153 	 513.0887 	 1.6382 
287.7188 	 412.2103 	 1.6953 
287.7222 	 404.4369 	 1.6553 
287.7257 	 705.6009 	 2.3820 
287.7292 	 566.3140 	 2.0990 
287.7326 	 377.1459 	 1.9313 
287.7361 	 805.8021 	 2.0819 
287.7396 	 837.9487 	 2.0513 
287.7431 	 775.7338 	 1.7065 
287.7465 	 735.8120 	 2.0726 
287.7500 	 616.8771 	 2.1502 
287.7535 	 622.1154 	 2.0940 
287.7569 	 693.4642 	 2.0990 
287.7604 	 458.5256 	 1.7308 
287.7639 	 531.2799 	 1.5188 
287.7674 	 736.8455 	 1.5880 
287.7708 	 908.7201 	 1.9113 
287.7743 	 1014.7854 	 2.2532 
287.7778 	 948.4471 	 1.8771 
287.7813 	 944.6781 	 2.0601 
287.7847 	 835.8191 	 1.6553 
287.7882 	 647.9185 	 1.5451 
287.7917 	 581.1604 	 1.8771 
287.7951 	 582.2863 	 1.9658 
287.7986 	 587.0478 	 1.8601 
287.8021 	 602.4034 	 1.7811 
287.8056 	 570.8703 	 1.8430 
287.8090 	 578.1410 	 1.8590 
287.8125 	 519.2491 	 1.7918 
287.8160 	 443.9056 	 1.2232 
287.8194 	 363.5495 	 1.4846 
287.8229 	 338.2189 	 1.1588 
287.8264 	 350.9215 	 1.4846 
287.8299 	 371.3734 	 1.6738 
287.8333 	 360.3413 	 1.2799 
287.8368 	 340.7511 	 1.4163 
287.8403 	 317.2526 	 1.3311 
287.8438 	 336.5451 	 1.5665 
287.8472 	 368.7543 	 1.3993 
287.8507 	 473.7393 	 1.5171 
287.8542 	 526.1263 	 1.2628 
287.8576 	 521.3034 	 1.5385 
287.8611 	 546.4334 	 2.1160 
287.8646 	 527.1581 	 1.3462 
287.8681 	 543.8225 	 1.3993 
287.8715 	 592.0386 	 1.6524 
287.8750 	 612.6280 	 1.8089 
287.8785 	 627.4034 	 1.6309 
287.8819 	 660.3754 	 1.8430 
287.8854 	 630.5794 	 1.6738 
287.8889 	 590.2901 	 1.8259 
287.8924 	 601.8669 	 1.9528 
287.8958 	 575.5631 	 1.5017 
287.8993 	 561.2876 	 1.7597 
287.9028 	 641.0921 	 1.8259 
287.9063 	 502.5855 	 1.5598 
287.9097 	 550.1024 	 1.7065 
287.9132 	 531.8376 	 1.6026 
287.9167 	 552.7133 	 1.8430 
287.9201 	 581.1539 	 1.7949 
287.9236 	 630.0512 	 1.6894 
287.9271 	 595.3233 	 1.5733 
287.9306 	 658.8396 	 1.9283 
287.9340 	 660.7940 	 1.8884 
287.9375 	 643.7372 	 1.6894 
287.9410 	 665.9871 	 1.6309 
287.9444 	 669.0614 	 1.8430 
287.9479 	 720.5365 	 1.8026 
287.9514 	 632.2184 	 2.1160 
287.9549 	 637.0601 	 1.6738 
287.9583 	 693.4983 	 1.7235 
287.9618 	 625.7906 	 1.8162 
287.9653 	 721.3311 	 1.8942 
287.9688 	 658.8461 	 1.5171 
287.9722 	 712.5427 	 1.6212 
287.9757 	 673.3974 	 1.5171 
287.9792 	 682.8328 	 1.7577 
287.9826 	 618.1545 	 1.7597 
287.9861 	 590.6997 	 1.7235 
287.9896 	 574.3777 	 1.8884 
287.9931 	 637.9010 	 1.5870 
287.9965 	 670.6009 	 1.5236 
288.0000 	 754.0925 	 1.6781 
