Time-Day of Year 	 Electron flux 	 Proton flux 	 (Flux in the units of counts/sq cm.sec.sr) 
192.0035 	 115.5794 	 1.6094 
192.0069 	 119.6587 	 1.6553 
192.0104 	 128.3476 	 1.2876 
192.0139 	 125.9556 	 1.3140 
192.0174 	 127.4464 	 1.5880 
192.0208 	 134.0273 	 1.3311 
192.0243 	 128.1116 	 1.7811 
192.0278 	 139.4539 	 1.5188 
192.0313 	 128.6325 	 1.3889 
192.0347 	 131.4676 	 1.5700 
192.0382 	 140.0214 	 1.4957 
192.0417 	 142.6109 	 1.7406 
192.0451 	 142.3504 	 1.8376 
192.0486 	 141.6894 	 1.2969 
192.0521 	 151.6953 	 1.3734 
192.0556 	 150.7679 	 1.2116 
192.0590 	 151.3734 	 1.2446 
192.0625 	 148.8225 	 1.4846 
192.0660 	 148.8841 	 1.6309 
192.0694 	 160.1706 	 1.8430 
192.0729 	 168.3906 	 1.4807 
192.0764 	 166.7747 	 1.5188 
192.0799 	 167.1674 	 1.6524 
192.0833 	 173.2082 	 1.5870 
192.0868 	 165.1496 	 1.3889 
192.0903 	 178.0546 	 1.6553 
192.0938 	 176.6094 	 1.3734 
192.0972 	 181.4676 	 1.7065 
192.1007 	 170.3632 	 1.4103 
192.1042 	 172.8669 	 1.5700 
192.1076 	 173.2833 	 1.4163 
192.1111 	 176.6041 	 1.4505 
192.1146 	 173.7768 	 1.2876 
192.1181 	 192.4573 	 1.2457 
192.1215 	 183.0687 	 1.5021 
192.1250 	 186.2457 	 1.4505 
192.1285 	 176.6094 	 1.3734 
192.1319 	 182.4403 	 1.4505 
192.1354 	 198.2833 	 1.5021 
192.1389 	 213.2935 	 1.9625 
192.1424 	 216.2180 	 1.7735 
192.1458 	 212.1160 	 1.3140 
192.1493 	 198.3974 	 1.3675 
192.1528 	 188.0205 	 1.1433 
192.1563 	 179.8077 	 1.6453 
192.1597 	 189.8123 	 1.6212 
192.1632 	 207.2532 	 1.8026 
192.1667 	 218.0034 	 1.3823 
192.1701 	 210.6223 	 1.4807 
192.1736 	 194.3345 	 1.2457 
192.1771 	 215.5579 	 1.3305 
192.1806 	 213.6689 	 1.5017 
192.1840 	 196.7811 	 1.4592 
192.1875 	 167.2696 	 1.7065 
192.1910 	 147.7897 	 1.2876 
192.1944 	 142.2867 	 1.2628 
192.1979 	 145.7906 	 1.3889 
192.2014 	 147.0990 	 1.5529 
192.2049 	 146.1111 	 1.2607 
192.2083 	 146.5700 	 1.3993 
192.2118 	 148.9316 	 1.2821 
192.2153 	 141.8089 	 1.2628 
192.2188 	 145.7081 	 1.4163 
192.2222 	 153.7842 	 1.4726 
192.2257 	 166.2232 	 1.6738 
192.2292 	 183.9590 	 1.4676 
192.2326 	 198.8197 	 1.3734 
192.2361 	 231.6212 	 1.5188 
192.2396 	 248.6481 	 1.5451 
192.2431 	 233.4130 	 1.8430 
192.2465 	 218.6266 	 1.3519 
192.2500 	 204.3345 	 1.4846 
192.2535 	 198.8248 	 1.6026 
192.2569 	 165.4778 	 1.1433 
192.2604 	 137.2650 	 1.0470 
192.2639 	 158.3447 	 1.2799 
192.2674 	 167.4786 	 1.4316 
192.2708 	 181.1263 	 1.6894 
192.2743 	 183.5622 	 1.8026 
192.2778 	 171.9625 	 1.4846 
192.2813 	 166.4163 	 1.2446 
192.2847 	 152.5427 	 1.1604 
192.2882 	 158.9485 	 1.5236 
192.2917 	 154.6928 	 1.3823 
192.2951 	 154.7750 	 1.6000 
192.2986 	 154.7308 	 1.5000 
192.3021 	 151.1803 	 1.3734 
192.3056 	 142.8498 	 1.5188 
192.3090 	 142.1154 	 1.2607 
192.3125 	 140.3925 	 1.4334 
192.3160 	 135.7265 	 1.3675 
192.3194 	 138.9249 	 1.2969 
192.3229 	 139.4231 	 1.4744 
192.3264 	 135.4607 	 1.4505 
192.3299 	 136.1588 	 1.4807 
192.3333 	 141.2116 	 1.5017 
192.3368 	 164.4635 	 1.3090 
192.3403 	 178.1741 	 1.4164 
192.3438 	 195.2575 	 1.2232 
192.3472 	 195.4437 	 1.7747 
192.3507 	 188.0172 	 1.3362 
192.3542 	 209.9317 	 1.6894 
192.3576 	 191.8455 	 1.2017 
192.3611 	 205.0512 	 1.2969 
192.3646 	 205.8974 	 0.9829 
192.3681 	 195.6143 	 1.1092 
192.3715 	 208.2265 	 1.5171 
192.3750 	 216.1945 	 1.2628 
192.3785 	 228.4615 	 1.5385 
192.3819 	 222.5427 	 1.1945 
192.3854 	 209.7210 	 1.2661 
192.3889 	 216.8259 	 1.2116 
192.3924 	 251.5665 	 1.3734 
192.3958 	 243.7031 	 1.2799 
192.3993 	 232.5966 	 1.6738 
192.4028 	 300.0171 	 1.4334 
192.4063 	 281.9099 	 1.5451 
192.4097 	 281.5000 	 1.3750 
192.4132 	    NaN 	    NaN 
192.4167 	 192.5000 	 1.5000 
192.4201 	 198.8248 	 1.4316 
192.4236 	 191.0751 	 1.5188 
192.4271 	 184.0171 	 1.4957 
192.4306 	 180.2730 	 1.7235 
192.4340 	 181.5598 	 1.6026 
192.4375 	 184.6928 	 1.2799 
192.4410 	 198.1545 	 1.5021 
192.4444 	 209.0444 	 1.2628 
192.4479 	 210.8584 	 1.4163 
192.4514 	 196.3993 	 1.7065 
192.4549 	 191.0515 	 1.3948 
192.4583 	 201.9966 	 1.4505 
192.4618 	 202.8755 	 1.2446 
192.4653 	 191.9283 	 1.3823 
192.4688 	 189.2060 	 1.4163 
192.4722 	 196.2969 	 1.3993 
192.4757 	 195.5342 	 1.3462 
192.4792 	 189.9315 	 1.3870 
192.4826 	 178.4188 	 1.5385 
192.4861 	 171.5529 	 1.3481 
192.4896 	 167.6709 	 1.4744 
192.4931 	 159.6758 	 1.3311 
192.4965 	 153.0257 	 1.0515 
192.5000 	 145.7850 	 1.2457 
192.5035 	 144.5494 	 1.3519 
192.5069 	 137.7304 	 1.4846 
192.5104 	 140.1288 	 1.2017 
192.5139 	 133.5154 	 1.3652 
192.5174 	 125.5150 	 1.7167 
192.5208 	 125.5631 	 1.1604 
192.5243 	 125.4292 	 1.4378 
192.5278 	 119.7611 	 1.5870 
192.5313 	 126.1539 	 1.2607 
192.5347 	 120.6314 	 1.5529 
192.5382 	 115.0000 	 1.5385 
192.5417 	 133.1399 	 1.5870 
192.5451 	 141.5385 	 1.3675 
192.5486 	 147.5256 	 1.5700 
192.5521 	 154.3133 	 1.3948 
192.5556 	 149.7611 	 1.2287 
192.5590 	 154.1416 	 1.2661 
192.5625 	 148.0205 	 1.5358 
192.5660 	 134.2060 	 1.1803 
192.5694 	 117.1502 	 1.3311 
192.5729 	 122.3605 	 1.2232 
192.5764 	 130.4778 	 1.2969 
192.5799 	 129.7639 	 1.3519 
192.5833 	 126.7065 	 1.3993 
192.5868 	 119.2094 	 1.6880 
192.5903 	 113.5836 	 18.8396 
192.5938 	 115.7906 	 1.3462 
192.5972 	 111.7406 	 1.4164 
192.6007 	 119.2949 	 1.3462 
192.6042 	 122.6027 	 1.4726 
192.6076 	 112.1459 	 1.6738 
192.6111 	 112.2696 	 1.3311 
192.6146 	 118.9485 	 1.3734 
192.6181 	 111.8089 	 1.2969 
192.6215 	 108.4764 	 1.1373 
192.6250 	 113.2935 	 1.5358 
192.6285 	 110.9442 	 1.3734 
192.6319 	 108.2423 	 1.5700 
192.6354 	 106.9099 	 1.0730 
192.6389 	 114.9488 	 1.5017 
192.6424 	 117.2009 	 1.1111 
192.6458 	 119.1980 	 1.5017 
192.6493 	 119.2094 	 1.6239 
192.6528 	 120.6826 	 1.3652 
192.6563 	 121.4957 	 1.8376 
192.6597 	 107.2355 	 1.5017 
192.6632 	 107.4034 	 1.5236 
192.6667 	 96.8259 	 1.2457 
192.6701 	 95.0858 	 1.3519 
192.6736 	 84.9147 	 1.2457 
192.6771 	 76.9957 	 0.8584 
192.6806 	 70.7679 	 1.1604 
192.6840 	 72.5536 	 1.1803 
192.6875 	 68.6007 	 1.3311 
192.6910 	 75.4060 	 1.4744 
192.6944 	 73.3106 	 1.4505 
192.6979 	 72.5641 	 1.3675 
192.7014 	 74.6587 	 1.3140 
192.7049 	 79.6368 	 1.3248 
192.7083 	 82.3208 	 1.5017 
192.7118 	 88.9744 	 1.6239 
192.7153 	 86.2628 	 1.6553 
192.7188 	 86.4592 	 1.5021 
192.7222 	 89.4710 	 1.3140 
192.7257 	 88.8627 	 1.5236 
192.7292 	 85.5993 	 1.3527 
192.7326 	 90.4936 	 1.4378 
192.7361 	 100.3242 	 1.5700 
192.7396 	 99.9785 	 1.5236 
192.7431 	 102.4744 	 1.4505 
192.7465 	 112.6709 	 1.2393 
192.7500 	 113.0717 	 1.5529 
192.7535 	 118.1197 	 1.0897 
192.7569 	 119.9488 	 1.4676 
192.7604 	 121.2393 	 1.4530 
192.7639 	 121.3140 	 1.2969 
192.7674 	 125.3419 	 1.4530 
192.7708 	 125.3072 	 1.3481 
192.7743 	 120.5579 	 1.2876 
192.7778 	 130.2730 	 1.1945 
192.7813 	 135.7511 	 1.3305 
192.7847 	 132.9863 	 1.2799 
192.7882 	 134.8498 	 1.2876 
192.7917 	 137.2696 	 1.3481 
192.7951 	 139.2275 	 1.2661 
192.7986 	 130.0683 	 1.5529 
192.8021 	 143.4829 	 1.5385 
192.8056 	 152.9522 	 1.3823 
192.8090 	 152.2863 	 1.4530 
192.8125 	 157.9863 	 1.3652 
192.8160 	 160.5769 	 1.3248 
192.8194 	 162.9181 	 1.5017 
192.8229 	 165.9615 	 1.3675 
192.8264 	 166.5700 	 1.4505 
192.8299 	 151.2876 	 1.3734 
192.8333 	 161.7065 	 1.3993 
192.8368 	 172.0172 	 1.4378 
192.8403 	 170.2560 	 1.5529 
192.8438 	 144.8283 	 1.1803 
192.8472 	 149.5051 	 1.6382 
192.8507 	 152.0815 	 1.5021 
192.8542 	 152.3973 	 1.2329 
192.8576 	 150.2350 	 1.3675 
192.8611 	 143.0375 	 1.2457 
192.8646 	 136.4744 	 1.4744 
192.8681 	 149.4539 	 1.3311 
192.8715 	 159.8077 	 1.4316 
192.8750 	 172.0990 	 1.4676 
192.8785 	 168.7768 	 1.3519 
192.8819 	 169.0273 	 1.3823 
192.8854 	 174.5708 	 1.2017 
192.8889 	 163.3618 	 1.5870 
192.8924 	 166.0944 	 1.5021 
192.8958 	 164.1126 	 1.5529 
192.8993 	 163.0687 	 1.1588 
192.9028 	 163.4642 	 1.5358 
192.9063 	 164.9356 	 1.1588 
192.9097 	 160.4096 	 3.5495 
192.9132 	 173.2265 	 1.3889 
192.9167 	 183.3788 	 1.1604 
192.9201 	 169.8932 	 1.4316 
192.9236 	 170.2048 	 1.3993 
192.9271 	 176.5385 	 1.4744 
192.9306 	 176.8089 	 1.1945 
192.9340 	 187.2318 	 1.3519 
192.9375 	 187.8328 	 1.3652 
192.9410 	 174.7425 	 1.4378 
192.9444 	 189.4710 	 1.2969 
192.9479 	 181.8455 	 1.1159 
192.9514 	 190.5973 	 1.5188 
192.9549 	 188.3476 	 1.2876 
192.9583 	 185.8703 	 1.5188 
192.9618 	 180.5794 	 1.2876 
192.9653 	 182.7133 	 1.2969 
192.9688 	 168.1410 	 1.3675 
192.9722 	 152.7986 	 1.2287 
192.9757 	 163.3547 	 1.4103 
192.9792 	 181.5582 	 1.3014 
192.9826 	 168.7180 	 1.4744 
192.9861 	 163.9249 	 1.2969 
192.9896 	 163.9270 	 1.3734 
192.9931 	 166.7406 	 1.1945 
192.9965 	 177.5107 	 1.4163 
193.0000 	 165.9727 	 1.1604 
