Time-Day of Year 	 Electron flux 	 Proton flux 	 (Flux in the units of counts/sq cm.sec.sr) 
156.0035 	 648.4300 	 1.6553 
156.0069 	 672.5536 	 1.6953 
156.0104 	 730.5973 	 2.1160 
156.0139 	 724.6996 	 1.4592 
156.0174 	 737.4573 	 1.5870 
156.0208 	 768.8412 	 1.9742 
156.0243 	 786.4846 	 1.6212 
156.0278 	 790.9871 	 1.6738 
156.0313 	 772.0990 	 2.0990 
156.0347 	 831.2232 	 1.6094 
156.0382 	 855.9386 	 1.9795 
156.0417 	 861.0256 	 2.1154 
156.0451 	 880.6143 	 1.9283 
156.0486 	 914.5726 	 1.8590 
156.0521 	 951.2287 	 1.7918 
156.0556 	 960.4914 	 1.8590 
156.0590 	 914.5222 	 1.7406 
156.0625 	 896.7597 	 2.1245 
156.0660 	 743.1678 	 1.9863 
156.0694 	 789.9571 	 1.6094 
156.0729 	 854.6928 	 1.8601 
156.0764 	 914.9785 	 1.7811 
156.0799 	 833.7201 	 1.9113 
156.0833 	 810.5150 	 1.7597 
156.0868 	 844.1126 	 2.0307 
156.0903 	 833.4764 	 1.8026 
156.0938 	 859.2321 	 2.0478 
156.0972 	 877.1581 	 1.8803 
156.1007 	 898.4471 	 1.2457 
156.1042 	 954.8932 	 1.7521 
156.1076 	 925.9898 	 1.7918 
156.1111 	 955.0000 	 1.6667 
156.1146 	 963.1911 	 1.7747 
156.1181 	 944.1667 	 2.0085 
156.1215 	 959.7099 	 1.6212 
156.1250 	 931.1803 	 1.6953 
156.1285 	 981.9795 	 1.9283 
156.1319 	 896.2876 	 1.7167 
156.1354 	 943.3788 	 1.8259 
156.1389 	 960.8155 	 1.8884 
156.1424 	 957.2867 	 1.6553 
156.1458 	 964.2489 	 1.9528 
156.1493 	 1007.8840 	 1.6724 
156.1528 	 1012.9060 	 1.8162 
156.1563 	 1089.4881 	 1.9113 
156.1597 	 1127.5214 	 1.9658 
156.1632 	 1079.3857 	 1.8601 
156.1667 	 1137.9487 	 1.8590 
156.1701 	 1154.9488 	 2.2867 
156.1736 	 1237.2222 	 2.0513 
156.1771 	 1226.4334 	 1.8259 
156.1806 	 1250.7511 	 1.8884 
156.1840 	 1254.8635 	 1.8259 
156.1875 	 1291.1853 	 1.9397 
156.1910 	 1321.4846 	 1.9795 
156.1944 	 1401.9742 	 2.0815 
156.1979 	 1374.9659 	 2.0478 
156.2014 	 1380.9013 	 1.8455 
156.2049 	 1336.9625 	 1.7406 
156.2083 	 1383.2833 	 1.6524 
156.2118 	 1303.1058 	 1.9283 
156.2153 	 1301.3889 	 2.2222 
156.2188 	 1305.5973 	 2.0307 
156.2222 	 1249.5299 	 2.3291 
156.2257 	 1293.1229 	 2.1160 
156.2292 	 1373.1197 	 1.3675 
156.2326 	 1484.0273 	 2.2696 
156.2361 	 1487.8970 	 1.6738 
156.2396 	 1524.3686 	 2.0648 
156.2431 	 1500.6223 	 1.9099 
156.2465 	 1513.1399 	 2.0648 
156.2500 	 1562.6180 	 1.9742 
156.2535 	 1549.6416 	 2.0137 
156.2569 	 1557.1030 	 2.4249 
156.2604 	 1562.3891 	 2.0819 
156.2639 	 1670.0215 	 2.2747 
156.2674 	 1668.9590 	 2.0307 
156.2708 	 1638.6325 	 1.8162 
156.2743 	 1652.9522 	 2.0137 
156.2778 	 1685.1496 	 2.0513 
156.2813 	 1654.1980 	 1.9795 
156.2847 	 1538.3761 	 2.1795 
156.2882 	 1488.2594 	 1.8942 
156.2917 	 1675.9657 	 2.0815 
156.2951 	 1637.9010 	 1.9454 
156.2986 	 1642.5536 	 1.4592 
156.3021 	 1420.0853 	 1.5529 
156.3056 	 1431.4592 	 1.7167 
156.3090 	 1464.1297 	 2.0648 
156.3125 	 1588.6853 	 1.9828 
156.3160 	 1583.6348 	 1.7747 
156.3194 	 1814.4421 	 1.9528 
156.3229 	 1888.5495 	 2.4061 
156.3264 	 1776.7735 	 2.0940 
156.3299 	 1638.1911 	 1.8430 
156.3333 	 1457.5000 	 1.8376 
156.3368 	 1371.8771 	 1.7235 
156.3403 	 1360.5556 	 2.0513 
156.3438 	 1707.0478 	 1.9966 
156.3472 	 1629.7210 	 1.4592 
156.3507 	 1515.0683 	 2.2014 
156.3542 	 1607.8755 	 2.0386 
156.3576 	 1881.3823 	 2.4915 
156.3611 	 1593.3476 	 2.0172 
156.3646 	 1653.9078 	 1.9795 
156.3681 	 1678.5622 	 1.8026 
156.3715 	 1721.4334 	 2.1331 
156.3750 	 1780.5150 	 2.1245 
156.3785 	 1747.7645 	 1.9625 
156.3819 	 1511.4957 	 1.6453 
156.3854 	 1535.3413 	 1.5700 
156.3889 	 1595.0000 	 1.7735 
156.3924 	 1574.3174 	 1.8259 
156.3958 	 1616.5812 	 1.8803 
156.3993 	 1786.4846 	 1.9454 
156.4028 	 1800.9442 	 2.0386 
156.4063 	 1839.0956 	 1.9795 
156.4097 	 1748.0258 	 1.9528 
156.4132 	 1716.6724 	 2.1331 
156.4167 	 1748.1760 	 2.1674 
156.4201 	 1539.3174 	 2.0478 
156.4236 	 1532.5107 	 1.7597 
156.4271 	 1629.1809 	 1.7065 
156.4306 	 1608.2403 	 1.5665 
156.4340 	 1672.5342 	 1.9349 
156.4375 	 1556.8376 	 2.0085 
156.4410 	 1616.7065 	 2.1502 
156.4444 	 1711.9231 	 2.3932 
156.4479 	 1572.8840 	 1.9966 
156.4514 	 1564.2949 	 1.9017 
156.4549 	 1577.2526 	 1.6894 
156.4583 	 1682.6609 	 1.9099 
156.4618 	 1635.7167 	 1.9795 
156.4653 	 1573.2833 	 2.0386 
156.4688 	 1564.3345 	 1.9966 
156.4722 	 1565.2146 	 1.7167 
156.4757 	 1451.5529 	 1.9625 
156.4792 	 1628.1974 	 2.0172 
156.4826 	 1449.0614 	 1.8942 
156.4861 	 1283.9056 	 1.9099 
156.4896 	 1299.2150 	 1.5700 
156.4931 	 1357.3504 	 1.7735 
156.4965 	 1308.5154 	 1.7577 
156.5000 	 1242.1154 	 1.9872 
156.5035 	 1275.7167 	 1.6724 
156.5069 	 1249.4872 	 1.9872 
156.5104 	 1237.7474 	 1.7577 
156.5139 	 1221.2876 	 2.0601 
156.5174 	 1231.7235 	 1.6724 
156.5208 	 1283.0258 	 2.1459 
156.5243 	 1229.5392 	 1.7577 
156.5278 	 1228.5193 	 1.3519 
156.5313 	 1197.6962 	 1.8089 
156.5347 	 1193.3691 	 1.8670 
156.5382 	 1178.2082 	 1.8259 
156.5417 	 1108.0901 	 1.9742 
156.5451 	 1090.8703 	 1.6553 
156.5486 	 1078.5684 	 1.6667 
156.5521 	 1050.8532 	 1.8089 
156.5556 	 1047.7991 	 1.8162 
156.5590 	 1056.6952 	 1.5240 
156.5625 	 1015.8974 	 1.7521 
156.5660 	 1024.5734 	 1.6553 
156.5694 	 891.6453 	 1.7094 
156.5729 	 840.9727 	 2.1160 
156.5764 	 778.9056 	 1.4807 
156.5799 	 704.0956 	 1.8259 
156.5833 	 729.7210 	 1.5021 
156.5868 	 692.9181 	 1.7065 
156.5903 	 691.6094 	 1.4163 
156.5938 	 646.8942 	 1.7747 
156.5972 	 597.1245 	 1.6524 
156.6007 	 584.9659 	 1.7577 
156.6042 	 613.6752 	 1.8162 
156.6076 	 621.7918 	 1.5870 
156.6111 	 588.7179 	 1.6026 
156.6146 	 599.6075 	 1.5700 
156.6181 	 597.5214 	 1.6667 
156.6215 	 556.1092 	 1.5358 
156.6250 	 544.3376 	 1.6453 
156.6285 	 560.1536 	 1.7065 
156.6319 	 545.4936 	 1.6738 
156.6354 	 516.6553 	 1.8601 
156.6389 	 525.5365 	 1.6953 
156.6424 	 522.7304 	 1.5358 
156.6458 	 496.4807 	 1.4163 
156.6493 	 466.8771 	 1.6553 
156.6528 	 453.8197 	 1.7811 
156.6563 	 448.8567 	 1.3311 
156.6597 	 452.8419 	 1.6453 
156.6632 	 429.8635 	 1.4505 
156.6667 	 427.5427 	 1.6239 
156.6701 	 406.9966 	 1.4334 
156.6736 	 407.2436 	 1.4316 
156.6771 	 404.5051 	 1.3481 
156.6806 	 384.9356 	 1.5880 
156.6840 	 379.2491 	 1.5188 
156.6875 	 391.2017 	 1.5451 
156.6910 	 342.8498 	 1.3140 
156.6944 	 330.9657 	 1.7167 
156.6979 	 330.3754 	 1.6724 
156.7014 	 337.9399 	 1.7811 
156.7049 	 327.4403 	 1.5358 
156.7083 	 325.3219 	 1.0944 
156.7118 	 339.1809 	 1.2969 
156.7153 	 330.0000 	 1.6453 
156.7188 	 317.3549 	 1.2628 
156.7222 	 273.0342 	 1.1111 
156.7257 	 251.3993 	 1.2287 
156.7292 	 252.7564 	 1.7949 
156.7326 	 238.6178 	 1.2116 
156.7361 	 250.6197 	 1.1325 
156.7396 	 254.1297 	 1.3993 
156.7431 	 242.5751 	 1.4378 
156.7465 	 225.3754 	 1.1604 
156.7500 	 241.5451 	 1.2876 
156.7535 	 187.9010 	 1.0751 
156.7569 	 144.0343 	 1.0730 
156.7604 	 131.2628 	 1.4164 
156.7639 	 90.5794 	 1.0086 
156.7674 	 65.1536 	 1.1433 
156.7708 	 88.4829 	 1.4316 
156.7743 	 132.3038 	 1.0239 
156.7778 	 147.7992 	 1.3675 
156.7813 	 179.1979 	 1.5188 
156.7847 	 237.0086 	 1.0897 
156.7882 	 277.5085 	 1.3311 
156.7917 	 304.6795 	 1.5171 
156.7951 	 280.0853 	 1.4334 
156.7986 	 275.0215 	 1.5236 
156.8021 	 283.5154 	 1.6553 
156.8056 	 307.4569 	 1.4224 
156.8090 	 318.1058 	 1.3993 
156.8125 	 296.4378 	 1.3090 
156.8160 	 283.2935 	 1.5188 
156.8194 	 291.6094 	 1.2446 
156.8229 	 311.1945 	 1.2799 
156.8264 	 326.3889 	 1.4744 
156.8299 	 304.3345 	 1.4676 
156.8333 	 318.6538 	 1.3248 
156.8368 	 316.3993 	 1.3652 
156.8403 	 308.1410 	 1.2607 
156.8438 	 310.2048 	 1.4164 
156.8472 	 333.4615 	 1.8162 
156.8507 	 297.7645 	 1.3823 
156.8542 	 283.1974 	 1.5236 
156.8576 	 300.7679 	 1.8430 
156.8611 	 313.6910 	 1.3734 
156.8646 	 313.4983 	 1.5358 
156.8681 	 325.5150 	 1.5451 
156.8715 	 334.8123 	 1.3311 
156.8750 	 348.7339 	 1.2661 
156.8785 	 334.3515 	 1.2628 
156.8819 	 338.6966 	 1.5385 
156.8854 	 347.2526 	 1.4676 
156.8889 	 359.1667 	 1.6453 
156.8924 	 369.3003 	 1.3311 
156.8958 	 355.5128 	 1.5812 
156.8993 	 376.9454 	 1.3993 
156.9028 	 388.0128 	 1.4103 
156.9063 	 394.3686 	 1.3993 
156.9097 	 390.8155 	 1.3519 
156.9132 	 392.4573 	 1.3823 
156.9167 	 395.9228 	 1.6738 
156.9201 	 416.4164 	 1.7065 
156.9236 	 396.3734 	 1.5451 
156.9271 	 391.2500 	 1.4555 
156.9306 	 414.9785 	 1.3090 
156.9340 	 442.6621 	 1.8089 
156.9375 	 428.7821 	 1.4530 
156.9410 	 430.7679 	 1.3140 
156.9444 	 423.6538 	 1.6239 
156.9479 	 448.3277 	 1.3823 
156.9514 	 465.5556 	 1.6880 
156.9549 	 467.2184 	 1.5529 
156.9583 	 461.1966 	 1.3675 
156.9618 	 442.2184 	 1.4676 
156.9653 	 441.1803 	 1.3519 
156.9688 	 449.8806 	 1.5529 
156.9722 	 449.8283 	 1.5451 
156.9757 	 446.9625 	 1.0410 
156.9792 	 445.9871 	 1.6524 
156.9826 	 437.7474 	 1.2287 
156.9861 	 454.6567 	 1.6094 
156.9896 	 450.0000 	 1.4334 
156.9931 	 471.6239 	 1.3248 
156.9965 	 469.8976 	 1.5870 
157.0000 	 491.0300 	 1.5665 
