Time-Day of Year 	 Electron flux 	 Proton flux 	 (Flux in the units of counts/sq cm.sec.sr) 
196.0035 	 168.7339 	 6.6953 
196.0069 	 173.2765 	 6.4505 
196.0104 	 176.3090 	 6.0086 
196.0139 	 183.0479 	 5.4281 
196.0174 	 173.6111 	 5.0214 
196.0208 	 179.4369 	 5.5802 
196.0243 	 178.8034 	 5.2991 
196.0278 	 184.6928 	 5.8191 
196.0313 	 190.5983 	 6.4957 
196.0347 	 194.8123 	 6.0410 
196.0382 	 193.1974 	 5.1931 
196.0417 	 194.3686 	 5.1195 
196.0451 	 190.9442 	 5.1288 
196.0486 	 196.8942 	 4.5051 
196.0521 	 189.9785 	 4.6137 
196.0556 	 199.3345 	 4.6246 
196.0590 	 213.0043 	 5.1717 
196.0625 	 208.8396 	 5.0341 
196.0660 	 215.9871 	 4.8069 
196.0694 	 220.5631 	 4.7782 
196.0729 	 231.7094 	 5.2137 
196.0764 	 211.6212 	 4.2833 
196.0799 	 216.7735 	 4.9573 
196.0833 	 221.0239 	 4.6075 
196.0868 	 230.6838 	 4.1239 
196.0903 	 226.8259 	 4.4198 
196.0938 	 225.0429 	 4.0558 
196.0972 	 227.8328 	 3.7031 
196.1007 	 218.7124 	 3.7768 
196.1042 	 220.8362 	 3.6689 
196.1076 	 221.0086 	 3.5193 
196.1111 	 228.7713 	 3.1399 
196.1146 	 230.4936 	 3.6910 
196.1181 	 213.5666 	 3.0034 
196.1215 	 203.9914 	 2.5536 
196.1250 	 211.2457 	 3.3276 
196.1285 	 211.7735 	 3.3761 
196.1319 	 233.9079 	 3.8737 
196.1354 	 218.8461 	 3.8462 
196.1389 	 226.7123 	 3.3390 
196.1424 	 219.7009 	 3.6111 
196.1458 	 212.4232 	 3.3276 
196.1493 	 217.5751 	 4.0343 
196.1528 	 225.4096 	 3.4983 
196.1563 	 231.8455 	 3.9485 
196.1597 	 232.7645 	 3.7031 
196.1632 	 232.1888 	 3.6481 
196.1667 	 223.1229 	 3.5495 
196.1701 	 222.7468 	 3.1330 
196.1736 	 226.0410 	 4.2150 
196.1771 	 229.6996 	 3.8841 
196.1806 	 221.8771 	 4.4027 
196.1840 	 227.2009 	 3.6752 
196.1875 	 238.8055 	 3.7884 
196.1910 	 229.2735 	 3.7607 
196.1944 	 239.5051 	 4.4027 
196.1979 	 246.0043 	 3.8248 
196.2014 	 233.1229 	 4.6416 
196.2049 	 232.8541 	 4.8927 
196.2083 	 231.1775 	 4.7270 
196.2118 	 218.4979 	 4.2704 
196.2153 	 231.0580 	 4.5392 
196.2188 	 232.4034 	 4.1631 
196.2222 	 235.3242 	 4.6928 
196.2257 	 237.1459 	 4.0343 
196.2292 	 239.7270 	 4.1297 
196.2326 	 238.8627 	 4.5494 
196.2361 	 242.5256 	 4.6928 
196.2396 	 242.3077 	 5.4060 
196.2431 	 251.5870 	 5.1365 
196.2465 	 251.6026 	 5.0000 
196.2500 	 264.4027 	 5.6655 
196.2535 	 276.3889 	 4.1667 
196.2569 	 261.0068 	 5.0683 
196.2604 	 254.4850 	 3.9700 
196.2639 	 269.0102 	 3.7884 
196.2674 	 254.1379 	 3.5991 
196.2708 	 248.1399 	 4.1126 
196.2743 	 246.8884 	 3.2618 
196.2778 	 254.9147 	 3.8737 
196.2813 	 252.8541 	 4.3991 
196.2847 	 243.5154 	 3.7713 
196.2882 	 246.8670 	 3.6695 
196.2917 	 246.7577 	 3.7372 
196.2951 	 246.2821 	 3.7393 
196.2986 	 233.8055 	 3.4300 
196.3021 	 229.9786 	 3.2051 
196.3056 	 213.1229 	 3.6860 
196.3090 	 216.8162 	 3.6111 
196.3125 	 211.6894 	 3.5324 
196.3160 	 202.9828 	 3.2618 
196.3194 	 200.3925 	 2.8840 
196.3229 	 207.7682 	 3.2833 
196.3264 	 214.1979 	 3.6348 
196.3299 	 204.6567 	 3.2403 
196.3333 	 191.6894 	 3.1911 
196.3368 	 197.1888 	 3.2833 
196.3403 	 188.5154 	 3.1570 
196.3438 	 207.5751 	 3.2618 
196.3472 	 197.9863 	 3.7372 
196.3507 	 200.1709 	 4.1880 
196.3542 	 202.8669 	 3.9932 
196.3576 	 209.8291 	 4.1667 
196.3611 	 207.0478 	 4.5392 
196.3646 	 201.3461 	 3.4188 
196.3681 	 192.5427 	 3.8567 
196.3715 	 201.9099 	 4.2704 
196.3750 	 197.9863 	 4.7611 
196.3785 	 186.5022 	 4.3777 
196.3819 	 178.6860 	 4.5904 
196.3854 	 175.4077 	 4.7854 
196.3889 	 180.2389 	 4.8805 
196.3924 	 165.7081 	 5.5579 
196.3958 	 168.7671 	 5.6849 
196.3993 	 167.4249 	 5.3863 
196.4028 	 194.3686 	 5.6826 
196.4063 	 220.6624 	 5.6197 
196.4097 	 216.5529 	 6.6212 
196.4132 	 211.3889 	 6.0684 
196.4167 	 158.0375 	 5.9898 
196.4201 	 156.3461 	 6.2393 
196.4236 	 153.7713 	 5.6997 
196.4271 	 147.7253 	 6.2232 
196.4306 	 139.1638 	 5.7679 
196.4340 	 134.1416 	 6.3305 
196.4375 	 146.7577 	 5.0341 
196.4410 	 147.8970 	 5.7296 
196.4444 	 149.4198 	 5.7679 
196.4479 	 151.7597 	 6.1159 
196.4514 	 145.3413 	 6.0239 
196.4549 	 148.6910 	 5.7296 
196.4583 	 149.1297 	 6.0580 
196.4618 	 152.7778 	 5.4060 
196.4653 	 149.4539 	 5.8020 
196.4688 	 141.5171 	 6.3675 
196.4722 	 143.3959 	 5.4608 
196.4757 	 146.4103 	 5.1923 
196.4792 	 137.0990 	 6.7065 
196.4826 	 135.7725 	 5.3648 
196.4861 	 137.7133 	 5.2218 
196.4896 	 130.1931 	 5.8584 
196.4931 	 130.0171 	 4.6928 
196.4965 	 130.2146 	 5.5579 
196.5000 	 123.9079 	 5.6997 
196.5035 	 130.3648 	 5.7511 
196.5069 	 123.2253 	 5.6314 
196.5104 	 116.4163 	 4.7639 
196.5139 	 116.4505 	 5.2901 
196.5174 	 109.9573 	 5.4060 
196.5208 	 103.9212 	 4.7603 
196.5243 	 104.8927 	 5.0000 
196.5278 	 100.7509 	 4.7952 
196.5313 	 95.2564 	 5.3846 
196.5347 	 97.2355 	 4.7270 
196.5382 	 100.8369 	 4.6137 
196.5417 	 98.6519 	 4.5563 
196.5451 	 98.3906 	 4.9571 
196.5486 	 94.2833 	 4.7099 
196.5521 	 95.7940 	 5.0858 
196.5556 	 92.2184 	 4.9659 
196.5590 	 95.1502 	 4.1845 
196.5625 	 93.2423 	 4.3515 
196.5660 	 93.1545 	 3.8841 
196.5694 	 87.6792 	 4.3686 
196.5729 	 85.0855 	 4.3803 
196.5764 	 90.4266 	 4.0785 
196.5799 	 89.2521 	 3.9957 
196.5833 	 84.7952 	 4.2321 
196.5868 	 84.0385 	 4.3803 
196.5903 	 86.2628 	 4.3345 
196.5938 	 87.2961 	 4.2918 
196.5972 	 78.7031 	 3.4642 
196.6007 	 85.6223 	 4.3777 
196.6042 	 80.5802 	 4.2833 
196.6076 	 71.7597 	 4.1202 
196.6111 	 78.0375 	 4.2321 
196.6146 	 74.9571 	 3.7554 
196.6181 	 77.0990 	 3.9761 
196.6215 	 76.9017 	 3.6966 
196.6250 	 82.1843 	 3.4812 
196.6285 	 83.9103 	 3.5256 
196.6319 	 78.8055 	 4.4369 
196.6354 	 74.4444 	 4.2735 
196.6389 	 69.0444 	 3.8567 
196.6424 	 69.3162 	 3.7821 
196.6458 	 71.2799 	 3.9932 
196.6493 	 69.7845 	 4.5474 
196.6528 	 61.3311 	 4.7952 
196.6563 	 65.9871 	 4.0987 
196.6597 	 62.9522 	 4.9659 
196.6632 	 61.0086 	 5.4721 
196.6667 	 56.9625 	 5.5802 
196.6701 	 59.2060 	 5.3433 
196.6736 	 59.1980 	 4.8976 
196.6771 	 56.9444 	 5.6838 
196.6806 	 60.9556 	 5.4266 
196.6840 	 61.6880 	 4.6368 
196.6875 	 61.6553 	 4.4710 
196.6910 	 57.3932 	 5.3846 
196.6944 	 55.0171 	 5.3413 
196.6979 	 53.1624 	 4.6154 
196.7014 	 58.6348 	 4.8635 
196.7049 	 55.9871 	 4.9142 
196.7083 	 53.1911 	 5.1536 
196.7118 	 53.0472 	 5.4077 
196.7153 	 54.0444 	 5.2048 
196.7188 	 52.0815 	 5.9013 
196.7222 	 55.5461 	 5.1706 
196.7257 	 57.9828 	 4.5494 
196.7292 	 59.7270 	 4.7611 
196.7326 	 59.8718 	 6.3675 
196.7361 	 59.0956 	 5.7850 
196.7396 	 54.8077 	 6.1325 
196.7431 	 57.9863 	 6.0751 
196.7465 	 62.3932 	 6.0684 
196.7500 	 57.4232 	 5.3584 
196.7535 	 56.9017 	 5.8547 
196.7569 	 57.5256 	 4.9317 
196.7604 	 60.4701 	 5.2350 
196.7639 	 58.1507 	 4.7774 
196.7674 	 56.3675 	 4.4231 
196.7708 	 59.3322 	 4.9315 
196.7743 	 57.3291 	 5.1923 
196.7778 	 61.7182 	 5.5498 
196.7813 	 66.4894 	 5.1489 
196.7847 	 60.8763 	 5.6873 
196.7882 	 61.3771 	 5.2754 
196.7917 	 61.2027 	 5.1203 
196.7951 	 60.7839 	 5.4237 
196.7986 	 56.4948 	 4.6392 
196.8021 	 61.4619 	 5.0212 
196.8056 	 64.6048 	 4.7938 
196.8090 	 60.6356 	 4.4703 
196.8125 	 60.1724 	 5.0000 
196.8160 	 57.7754 	 4.7034 
196.8194 	 62.3793 	 4.5690 
196.8229 	 60.3602 	 3.7712 
196.8264 	 65.9310 	 3.3793 
196.8299 	 68.7076 	 3.5805 
196.8333 	 69.7241 	 3.0172 
196.8368 	 69.8729 	 3.0085 
196.8403 	 67.5862 	 3.2241 
196.8438 	 63.6498 	 3.3966 
196.8472 	 64.1724 	 2.2069 
196.8507 	 66.4346 	 3.2278 
196.8542 	 62.2586 	 3.2241 
196.8576 	 66.6456 	 2.9114 
196.8611 	 66.8103 	 3.4138 
196.8646 	 62.7637 	 3.2700 
196.8681 	 61.8166 	 3.5121 
196.8715 	 63.9241 	 3.1224 
196.8750 	 63.2007 	 3.3564 
196.8785 	 64.8523 	 3.0802 
196.8819 	 60.9343 	 3.6505 
196.8854 	 68.5865 	 3.8186 
196.8889 	 55.4844 	 3.3045 
196.8924 	 57.0042 	 4.1561 
196.8958 	 60.8997 	 4.0657 
196.8993 	 62.0588 	 3.9076 
196.9028 	 64.4965 	 3.9063 
196.9063 	 65.3138 	 4.5607 
196.9097 	 71.2674 	 4.9306 
196.9132 	 70.6276 	 4.6025 
196.9167 	 70.5903 	 5.3819 
196.9201 	 76.2343 	 4.5397 
196.9236 	 74.1812 	 4.8780 
196.9271 	 75.8996 	 4.6653 
196.9306 	 79.3902 	 4.1289 
196.9340 	 76.9456 	 3.7866 
196.9375 	 79.2857 	 3.4843 
196.9410 	 80.3556 	 4.0167 
196.9444 	 80.9582 	 3.4321 
196.9479 	 83.5983 	 4.6234 
196.9514 	 87.8223 	 4.6690 
196.9549 	 92.0000 	 4.0625 
196.9583 	 93.8502 	 3.8676 
196.9618 	 98.9167 	 4.0417 
196.9653 	 96.5679 	 3.2927 
196.9688 	 103.8542 	 3.4583 
196.9722 	 108.3450 	 3.6411 
196.9757 	 105.7083 	 3.9375 
196.9792 	 108.6713 	 3.4091 
196.9826 	 104.8750 	 2.9792 
196.9861 	 110.0350 	 3.1119 
196.9896 	 118.8958 	 3.2917 
196.9931 	 112.9546 	 2.9720 
196.9965 	 107.4375 	 3.1667 
197.0000 	 118.2105 	 3.9298 
