Time-Day of Year 	 Electron flux 	 Proton flux 	 (Flux in the units of counts/sq cm.sec.sr) 
130.0035 	 706.7597 	 1.9957 
130.0069 	 698.5836 	 2.4744 
130.0104 	 683.9530 	 2.4145 
130.0139 	 796.9113 	 2.7304 
130.0174 	 879.9145 	 2.1368 
130.0208 	 800.2048 	 2.6621 
130.0243 	 915.8761 	 2.4786 
130.0278 	 943.4642 	 2.6451 
130.0313 	 950.7725 	 2.0601 
130.0347 	 934.9659 	 2.3720 
130.0382 	 813.6910 	 2.2747 
130.0417 	 826.0239 	 2.0819 
130.0451 	 817.8112 	 2.1245 
130.0486 	 950.8703 	 2.5939 
130.0521 	 930.3863 	 2.0815 
130.0556 	 968.0717 	 1.9795 
130.0590 	 892.5751 	 1.7811 
130.0625 	 936.8259 	 2.1160 
130.0660 	 1256.6880 	 2.3504 
130.0694 	 1324.4198 	 2.3891 
130.0729 	 1135.8333 	 2.3291 
130.0764 	 980.2218 	 2.7304 
130.0799 	 989.2949 	 1.7949 
130.0833 	 991.3481 	 2.0990 
130.0868 	 939.6368 	 2.5641 
130.0903 	 1007.7133 	 2.2867 
130.0938 	 991.8026 	 2.6395 
130.0972 	 1038.0375 	 2.5939 
130.1007 	 1125.0216 	 2.0474 
130.1042 	 1092.4315 	 2.2089 
130.1076 	 1125.5365 	 2.2318 
130.1111 	 1175.8532 	 2.3720 
130.1146 	 1334.6781 	 2.2961 
130.1181 	 1302.9010 	 2.3549 
130.1215 	 1406.1752 	 2.1368 
130.1250 	 1399.0956 	 1.9113 
130.1285 	 1521.0470 	 2.4145 
130.1319 	 1621.5188 	 2.3549 
130.1354 	 1675.9829 	 2.4145 
130.1389 	 1718.0375 	 2.0648 
130.1424 	 1746.1111 	 2.9274 
130.1458 	 1750.6997 	 2.7816 
130.1493 	 1692.1674 	 2.7039 
130.1528 	 1692.3549 	 2.3720 
130.1563 	 1642.8541 	 1.9528 
130.1597 	 1677.8157 	 2.2184 
130.1632 	 1686.5236 	 2.1888 
130.1667 	 1645.6314 	 2.3549 
130.1701 	 1606.8670 	 2.4678 
130.1736 	 1538.5154 	 1.9795 
130.1771 	 1469.5064 	 2.1030 
130.1806 	 1446.9966 	 2.2184 
130.1840 	 1551.9017 	 2.0513 
130.1875 	 1406.2287 	 2.3379 
130.1910 	 1581.6239 	 2.5641 
130.1944 	 1617.9522 	 2.5085 
130.1979 	 1687.2009 	 1.9444 
130.2014 	 1750.9727 	 2.4061 
130.2049 	 1820.6652 	 2.2532 
130.2083 	 1861.8942 	 2.5256 
130.2118 	 1958.8412 	 2.0172 
130.2153 	 2052.2867 	 2.3549 
130.2188 	 2145.7511 	 2.7468 
130.2222 	 2052.3116 	 2.6199 
130.2257 	 2004.9785 	 2.2532 
130.2292 	 1925.7679 	 1.9625 
130.2326 	 1872.5107 	 2.0172 
130.2361 	 1995.7338 	 2.1672 
130.2396 	 1968.5470 	 2.0940 
130.2431 	 1985.0000 	 1.9454 
130.2465 	 1994.6795 	 2.4145 
130.2500 	 1915.1877 	 2.2696 
130.2535 	 1902.4786 	 2.3077 
130.2569 	 1844.1980 	 2.4573 
130.2604 	 2018.0043 	 1.8884 
130.2639 	 2003.9932 	 2.3720 
130.2674 	 1957.0172 	 2.5107 
130.2708 	 2046.0068 	 2.3379 
130.2743 	 2509.0343 	 2.0601 
130.2778 	 2550.5802 	 2.2355 
130.2813 	 2772.1674 	 2.8755 
130.2847 	 2668.0887 	 2.5427 
130.2882 	 2770.6438 	 2.3820 
130.2917 	 2920.6143 	 2.5597 
130.2951 	 2712.6496 	 2.5641 
130.2986 	 3090.0341 	 2.2867 
130.3021 	 3019.5726 	 2.7564 
130.3056 	 3175.4608 	 2.7474 
130.3090 	 3268.1838 	 2.5427 
130.3125 	 3275.7167 	 2.4744 
130.3160 	 3148.3476 	 2.0815 
130.3194 	 3079.2321 	 2.5256 
130.3229 	 2967.3605 	 2.4893 
130.3264 	 3260.5631 	 2.6451 
130.3299 	 3294.5708 	 2.6609 
130.3333 	 3345.3584 	 2.9352 
130.3368 	 3351.6094 	 2.6395 
130.3403 	 3432.7474 	 2.8840 
130.3438 	 3367.4569 	 2.8448 
130.3472 	 3477.9181 	 2.4744 
130.3507 	 3629.1453 	 2.8846 
130.3542 	 3663.5324 	 2.8328 
130.3576 	 3672.1368 	 3.1197 
130.3611 	 3785.7850 	 2.7986 
130.3646 	 3732.0726 	 2.6709 
130.3681 	 3924.0956 	 2.6451 
130.3715 	 3976.1588 	 2.3391 
130.3750 	 4004.8635 	 2.4744 
130.3785 	 4096.0086 	 2.8755 
130.3819 	 4169.1638 	 2.6451 
130.3854 	 4197.9399 	 2.8541 
130.3889 	 4186.1604 	 2.9522 
130.3924 	 4171.3305 	 2.8970 
130.3958 	 4244.3857 	 2.7474 
130.3993 	 4291.2446 	 2.9614 
130.4028 	 4304.4027 	 2.8498 
130.4063 	 4370.4487 	 2.7778 
130.4097 	 4060.4096 	 3.2594 
130.4132 	 4053.2906 	 2.8419 
130.4167 	 3750.2560 	 2.8328 
130.4201 	 3665.3632 	 2.5427 
130.4236 	 3516.1604 	 2.5256 
130.4271 	 3088.4764 	 2.7897 
130.4306 	 2888.3788 	 2.6280 
130.4340 	 3078.1545 	 2.7253 
130.4375 	 3345.8191 	 2.3379 
130.4410 	 3482.7039 	 2.4893 
130.4444 	 3439.3345 	 2.9010 
130.4479 	 3421.0515 	 2.5107 
130.4514 	 3364.7952 	 2.9181 
130.4549 	 2989.5064 	 2.6824 
130.4583 	 3179.6416 	 2.9181 
130.4618 	 3236.2607 	 2.7137 
130.4653 	 3332.7304 	 2.6109 
130.4688 	 3263.5193 	 3.0687 
130.4722 	 3297.0307 	 2.7816 
130.4757 	 3287.7564 	 2.6709 
130.4792 	 3254.6928 	 2.4573 
130.4826 	 3240.2575 	 2.7039 
130.4861 	 3290.6826 	 2.3038 
130.4896 	 3325.5579 	 2.7039 
130.4931 	 3236.9966 	 2.6109 
130.4965 	 3070.7511 	 2.5107 
130.5000 	 2758.7713 	 2.7474 
130.5035 	 2378.2543 	 2.4353 
130.5069 	 2431.9113 	 2.0307 
130.5104 	 2505.4292 	 2.4034 
130.5139 	 2334.6246 	 2.0648 
130.5174 	 2326.7735 	 2.5000 
130.5208 	 2129.7270 	 2.2867 
130.5243 	 2115.0641 	 2.0085 
130.5278 	 1955.2048 	 2.2867 
130.5313 	 1768.0769 	 2.2863 
130.5347 	 2077.2696 	 2.3038 
130.5382 	 2044.0987 	 1.8884 
130.5417 	 2013.4983 	 2.3549 
130.5451 	 1842.4464 	 2.1245 
130.5486 	 2073.4300 	 2.0990 
130.5521 	 1983.7768 	 2.3820 
130.5556 	 2080.9556 	 2.2526 
130.5590 	 2001.9742 	 2.2318 
130.5625 	 1866.5529 	 2.1843 
130.5660 	 1886.3305 	 2.2532 
130.5694 	 1807.7645 	 1.9113 
130.5729 	 1638.3120 	 2.3077 
130.5764 	 1475.2730 	 2.3208 
130.5799 	 1521.2179 	 2.4145 
130.5833 	 1447.4744 	 2.0137 
130.5868 	 1253.2479 	 2.0085 
130.5903 	 1318.4247 	 1.8493 
130.5938 	 1421.7949 	 2.3504 
130.5972 	 1379.9317 	 2.2696 
130.6007 	 1091.7811 	 2.1245 
130.6042 	 1008.8737 	 1.5358 
130.6076 	 983.2189 	 2.1030 
130.6111 	 655.4607 	 1.6553 
130.6146 	 402.4034 	 1.9099 
130.6181 	 943.4642 	 1.7065 
130.6215 	 993.6481 	 2.0386 
130.6250 	 381.6894 	 1.4505 
130.6285 	 652.5641 	 1.7949 
130.6319 	 1658.2594 	 2.2184 
130.6354 	 1880.2350 	 2.0513 
130.6389 	 2276.4164 	 2.4744 
130.6424 	 2972.2436 	 2.6282 
130.6458 	 3099.2491 	 2.9693 
130.6493 	 1933.5256 	 2.4359 
130.6528 	 1507.4915 	 2.5597 
130.6563 	 1963.9914 	 2.2532 
130.6597 	 2420.9044 	 2.7986 
130.6632 	 2252.3820 	 2.4678 
130.6667 	 1900.4266 	 2.1843 
130.6701 	 1698.6695 	 2.5322 
130.6736 	 1671.8430 	 2.4915 
130.6771 	 1561.6309 	 2.5107 
130.6806 	 979.3686 	 1.8942 
130.6840 	 781.5171 	 2.0726 
130.6875 	 584.3686 	 1.6894 
130.6910 	 708.8034 	 1.6667 
130.6944 	 717.8328 	 1.8089 
130.6979 	 969.8077 	 2.0299 
130.7014 	 595.2048 	 1.6382 
130.7049 	 373.2906 	 1.4957 
130.7083 	 520.8362 	 1.7918 
130.7118 	 627.1552 	 1.9181 
130.7153 	 737.4403 	 1.8089 
130.7188 	 434.3991 	 1.8455 
130.7222 	 767.0819 	 2.4915 
130.7257 	 1547.2961 	 2.3176 
130.7292 	 1272.9352 	 2.2014 
130.7326 	 761.1373 	 1.9313 
130.7361 	 925.7338 	 2.6792 
130.7396 	 1204.3376 	 2.5214 
130.7431 	 1144.9829 	 2.6621 
130.7465 	 1060.4487 	 2.8846 
130.7500 	 961.5700 	 2.4573 
130.7535 	 1048.3120 	 2.2863 
130.7569 	 1114.4881 	 2.7474 
130.7604 	 991.4957 	 2.5000 
130.7639 	 963.0546 	 2.7645 
130.7674 	 911.3734 	 2.4464 
130.7708 	 909.1297 	 2.5768 
130.7743 	 809.6567 	 2.4034 
130.7778 	 780.1024 	 2.2867 
130.7813 	 741.4592 	 2.3391 
130.7847 	 756.0751 	 2.4744 
130.7882 	 723.3906 	 2.5536 
130.7917 	 751.0580 	 2.7645 
130.7951 	 652.2222 	 2.3932 
130.7986 	 665.1024 	 2.4573 
130.8021 	 640.2137 	 2.3291 
130.8056 	 632.4403 	 2.1331 
130.8090 	 606.4957 	 2.2863 
130.8125 	 583.2253 	 2.3891 
130.8160 	 578.6325 	 2.6496 
130.8194 	 581.2116 	 2.1331 
130.8229 	 577.0172 	 2.2318 
130.8264 	 554.6416 	 2.3549 
130.8299 	 545.6438 	 2.2532 
130.8333 	 510.2560 	 2.1672 
130.8368 	 491.8535 	 2.1121 
130.8403 	 492.4744 	 2.3208 
130.8438 	 463.8412 	 2.1459 
130.8472 	 435.4608 	 2.1502 
130.8507 	 446.1752 	 1.8803 
130.8542 	 410.1536 	 1.8942 
130.8576 	 409.2521 	 1.8590 
130.8611 	 409.6758 	 2.2867 
130.8646 	 440.0000 	 2.4359 
130.8681 	 428.2423 	 1.9966 
130.8715 	 402.6068 	 1.9872 
130.8750 	 437.8157 	 2.1331 
130.8785 	 552.5966 	 2.4464 
130.8819 	 747.1160 	 2.6962 
130.8854 	 841.2232 	 2.3176 
130.8889 	 956.2457 	 2.7986 
130.8924 	 964.5923 	 2.8970 
130.8958 	 1084.6416 	 2.5597 
130.8993 	 923.8841 	 2.5966 
130.9028 	 949.0614 	 2.6451 
130.9063 	 983.6966 	 2.3718 
130.9097 	 841.3652 	 2.7474 
130.9132 	 876.1111 	 2.8205 
130.9167 	 942.6450 	 2.5085 
130.9201 	 983.7607 	 2.7778 
130.9236 	 970.5631 	 2.6109 
130.9271 	 983.4615 	 2.0085 
130.9306 	 1017.3720 	 2.6451 
130.9340 	 989.2489 	 2.7897 
130.9375 	 979.4881 	 2.6280 
130.9410 	 961.9313 	 2.3820 
130.9444 	 980.3925 	 2.3720 
130.9479 	 968.3906 	 2.5322 
130.9514 	 910.4096 	 2.8328 
130.9549 	 878.9700 	 2.2318 
130.9583 	 884.3151 	 2.4486 
130.9618 	 879.9362 	 2.0851 
130.9653 	 928.4418 	 2.2089 
130.9688 	 916.4468 	 2.7447 
130.9722 	 940.8904 	 2.0548 
130.9757 	 927.8511 	 2.1489 
130.9792 	 876.6438 	 2.5000 
130.9826 	 915.0213 	 2.1915 
130.9861 	 918.6986 	 2.1575 
130.9896 	 934.7447 	 2.5319 
130.9931 	 1068.4364 	 2.9038 
130.9965 	 1084.5319 	 2.1489 
131.0000 	 1098.4536 	 2.4742 
