Time-Day of Year 	 Electron flux 	 Proton flux 	 (Flux in the units of counts/sq cm.sec.sr) 
232.0035 	 22.7304 	 0.7338 
232.0069 	 26.6738 	 0.7511 
232.0104 	 20.9898 	 0.6826 
232.0139 	 24.4206 	 0.7940 
232.0174 	 29.2491 	 0.6997 
232.0208 	 24.4421 	 0.8798 
232.0243 	 21.5188 	 0.8362 
232.0278 	 26.8455 	 0.8798 
232.0313 	 39.9659 	 1.0239 
232.0347 	 35.7906 	 1.2821 
232.0382 	 38.3106 	 1.0410 
232.0417 	 40.1709 	 0.9188 
232.0451 	 52.6109 	 1.0580 
232.0486 	 56.4744 	 1.1111 
232.0521 	 71.8259 	 1.3823 
232.0556 	 75.7940 	 1.2446 
232.0590 	 71.8259 	 1.0410 
232.0625 	 75.7082 	 1.2876 
232.0660 	 66.2628 	 1.0068 
232.0694 	 65.7725 	 1.0730 
232.0729 	 64.1638 	 1.0922 
232.0764 	 59.2060 	 1.0086 
232.0799 	 56.8942 	 0.7509 
232.0833 	 51.6953 	 1.2876 
232.0868 	 49.1809 	 1.1945 
232.0903 	 49.7009 	 1.0897 
232.0938 	 59.9317 	 1.1092 
232.0972 	 58.8889 	 1.6453 
232.1007 	 47.9522 	 1.5017 
232.1042 	 50.7692 	 1.1966 
232.1076 	 92.6280 	 1.3993 
232.1111 	 79.9145 	 1.4530 
232.1146 	 69.2662 	 1.4505 
232.1181 	 106.2232 	 1.6094 
232.1215 	 126.1775 	 1.7406 
232.1250 	 123.6695 	 1.6953 
232.1285 	 118.8908 	 1.5358 
232.1319 	 109.2704 	 1.6953 
232.1354 	 91.9966 	 1.4846 
232.1389 	 102.0386 	 1.6094 
232.1424 	 109.3686 	 1.2969 
232.1458 	 118.0043 	 1.6953 
232.1493 	 126.1092 	 1.1945 
232.1528 	 138.3333 	 1.4744 
232.1563 	 128.0034 	 1.2628 
232.1597 	 137.7350 	 1.7949 
232.1632 	 129.8806 	 1.4676 
232.1667 	 164.4872 	 1.7308 
232.1701 	 185.0683 	 1.7235 
232.1736 	 193.9655 	 1.5517 
232.1771 	 182.7474 	 1.4334 
232.1806 	 161.9313 	 1.4163 
232.1840 	 154.3686 	 1.7577 
232.1875 	 157.6824 	 1.3519 
232.1910 	 163.9079 	 1.5188 
232.1944 	 161.0944 	 1.5665 
232.1979 	 174.8464 	 1.5358 
232.2014 	 185.9442 	 1.3519 
232.2049 	 156.1092 	 1.7065 
232.2083 	 148.9103 	 1.7949 
232.2118 	 147.0478 	 1.8089 
232.2153 	 123.9103 	 1.4530 
232.2188 	 121.1775 	 1.6382 
232.2222 	 127.3718 	 1.7521 
232.2257 	 138.9932 	 1.3481 
232.2292 	 129.8498 	 1.2017 
232.2326 	 148.3277 	 1.6724 
232.2361 	 155.9871 	 1.3948 
232.2396 	 155.4096 	 1.7235 
232.2431 	 145.9442 	 1.5451 
232.2465 	 163.1570 	 1.5358 
232.2500 	 140.5579 	 1.6524 
232.2535 	 161.3140 	 1.4164 
232.2569 	 183.0901 	 1.9313 
232.2604 	 170.8191 	 1.7747 
232.2639 	 179.7222 	 1.7094 
232.2674 	 201.3993 	 1.8771 
232.2708 	 204.4872 	 1.5385 
232.2743 	 168.0205 	 1.2116 
232.2778 	 182.9273 	 1.2607 
232.2813 	 187.5939 	 1.4334 
232.2847 	 224.1416 	 1.6309 
232.2882 	 252.6451 	 1.6894 
232.2917 	 284.7640 	 1.7382 
232.2951 	 279.6404 	 1.7466 
232.2986 	 301.8026 	 1.5021 
232.3021 	 218.1058 	 1.8430 
232.3056 	 244.0558 	 1.5236 
232.3090 	 225.3242 	 1.5358 
232.3125 	 202.4464 	 1.6953 
232.3160 	 211.9966 	 1.6382 
232.3194 	 201.3889 	 1.4744 
232.3229 	 203.1399 	 1.3652 
232.3264 	 192.2222 	 1.4744 
232.3299 	 195.6997 	 1.2457 
232.3333 	 201.5171 	 1.7735 
232.3368 	 191.1263 	 1.5700 
232.3403 	 198.3262 	 1.3734 
232.3438 	 195.1365 	 1.5870 
232.3472 	 178.7983 	 1.5665 
232.3507 	 180.7679 	 1.4334 
232.3542 	 180.0858 	 1.4592 
232.3576 	 199.0785 	 1.6553 
232.3611 	 201.0730 	 1.4592 
232.3646 	 185.7167 	 1.5870 
232.3681 	 182.5751 	 1.5451 
232.3715 	 160.7338 	 1.3481 
232.3750 	 177.6068 	 1.3034 
232.3785 	 170.0853 	 1.3652 
232.3819 	 156.5598 	 1.4103 
232.3854 	 152.7986 	 1.4676 
232.3889 	 125.3632 	 1.5385 
232.3924 	 139.7099 	 1.5870 
232.3958 	 127.4893 	 1.1373 
232.3993 	 160.9215 	 1.5700 
232.4028 	 135.0215 	 1.6953 
232.4063 	 104.7782 	 1.3140 
232.4097 	 177.4678 	 1.5665 
232.4132 	 107.5085 	 1.3993 
232.4167 	 170.6681 	 1.3578 
232.4201 	 131.8430 	 1.5017 
232.4236 	 143.1974 	 1.6524 
232.4271 	 118.6519 	 1.3140 
232.4306 	 145.4914 	 1.2393 
232.4340 	 122.2526 	 1.1775 
232.4375 	 143.3120 	 1.5598 
232.4410 	 117.9181 	 1.2287 
232.4444 	 110.1923 	 1.5171 
232.4479 	 140.6143 	 1.0580 
232.4514 	 115.1496 	 1.2821 
232.4549 	 119.5563 	 1.4505 
232.4583 	 123.5470 	 1.2607 
232.4618 	 113.0480 	 1.3185 
232.4653 	 121.3675 	 1.4530 
232.4688 	 112.4829 	 1.4384 
232.4722 	 109.7222 	 1.1325 
232.4757 	 113.0137 	 1.4212 
232.4792 	 99.5299 	 1.3462 
232.4826 	 106.5411 	 1.3014 
232.4861 	 103.1064 	 1.3191 
232.4896 	 95.9075 	 1.3870 
232.4931 	 83.6170 	 1.2553 
232.4965 	 89.3151 	 1.3185 
232.5000 	 89.3617 	 1.3191 
232.5035 	 83.4075 	 1.3014 
232.5069 	 105.0000 	 1.3617 
232.5104 	 102.1575 	 1.5411 
232.5139 	 114.3617 	 1.4468 
232.5174 	 107.7320 	 1.3918 
232.5208 	 117.8085 	 1.5957 
232.5243 	 120.0344 	 1.6667 
232.5278 	 111.8298 	 1.2766 
232.5313 	 110.2921 	 1.1684 
232.5347 	 109.8936 	 1.1702 
232.5382 	 101.5808 	 1.2371 
232.5417 	 85.6992 	 1.2500 
232.5451 	 98.2586 	 1.3966 
232.5486 	 91.6034 	 1.2658 
232.5521 	 80.2586 	 1.3621 
232.5556 	 78.6076 	 1.4346 
232.5590 	 72.1724 	 0.9828 
232.5625 	 70.8439 	 1.2869 
232.5660 	 61.6552 	 1.1034 
232.5694 	 74.7468 	 0.8861 
232.5729 	 66.0208 	 1.5052 
232.5764 	 60.8228 	 1.2658 
232.5799 	 46.7993 	 1.2803 
232.5833 	 52.0675 	 1.1181 
232.5868 	 42.4394 	 1.0554 
232.5903 	 40.5907 	 1.1181 
232.5938 	 32.1107 	 1.2284 
232.5972 	 38.0802 	 1.1181 
232.6007 	 33.7197 	 1.0554 
232.6042 	 31.8067 	 0.8824 
232.6076 	 35.3114 	 1.3322 
232.6111 	 26.3866 	 0.9874 
232.6146 	 30.4325 	 0.8997 
232.6181 	 30.1681 	 1.2395 
232.6215 	 22.1626 	 0.9170 
232.6250 	 18.0042 	 0.9034 
232.6285 	 16.0590 	 0.7465 
232.6319 	 19.9790 	 0.9664 
232.6354 	 30.2951 	 1.1285 
232.6389 	 38.2563 	 1.3025 
232.6424 	 49.4097 	 1.4410 
232.6458 	 40.3361 	 1.5126 
232.6493 	 34.1840 	 1.1285 
232.6528 	 50.7773 	 1.0504 
232.6563 	 53.1076 	 1.2500 
232.6597 	 55.8787 	 1.4854 
232.6632 	 67.4216 	 1.1324 
232.6667 	 78.8333 	 1.2708 
232.6701 	 71.6725 	 1.5505 
232.6736 	 66.6458 	 0.8750 
232.6771 	 56.3763 	 0.8885 
232.6806 	 69.5625 	 1.3958 
232.6840 	 75.6993 	 1.2937 
232.6875 	 72.9375 	 1.1667 
232.6910 	 68.5490 	 1.1014 
232.6944 	 66.7500 	 1.3958 
232.6979 	 63.4266 	 1.3811 
232.7014 	 54.4792 	 1.3542 
232.7049 	 40.6294 	 1.4161 
232.7083 	 35.5208 	 1.1250 
232.7118 	 36.7133 	 1.2587 
232.7153 	 39.6681 	 1.3900 
232.7188 	 33.4441 	 1.1538 
232.7222 	 25.7054 	 1.0996 
232.7257 	 22.8497 	 1.1713 
232.7292 	 30.0830 	 1.1411 
232.7326 	 31.7308 	 1.1538 
232.7361 	 32.9461 	 1.2448 
232.7396 	 34.4737 	 1.0000 
232.7431 	 31.7012 	 1.1826 
232.7465 	 25.9825 	 1.1228 
232.7500 	 31.5145 	 1.2033 
232.7535 	 30.7895 	 0.9649 
232.7569 	 31.2033 	 1.2863 
232.7604 	 29.7544 	 1.3860 
232.7639 	 28.0705 	 1.2448 
232.7674 	 25.7719 	 1.0351 
232.7708 	 16.9215 	 0.8471 
232.7743 	 27.4737 	 0.9649 
232.7778 	 34.0289 	 0.9091 
232.7813 	 31.5614 	 0.9123 
232.7847 	 33.4711 	 0.9504 
232.7882 	 43.0458 	 1.0739 
232.7917 	 50.3909 	 1.1111 
232.7951 	 71.9435 	 1.2721 
232.7986 	 68.8272 	 1.4815 
232.8021 	 157.8269 	 1.3251 
232.8056 	 322.5309 	 1.9753 
232.8090 	 404.8410 	 1.6254 
232.8125 	 408.4774 	 1.9547 
232.8160 	 441.4664 	 1.4311 
232.8194 	 469.4650 	 1.9136 
232.8229 	 476.1837 	 1.8375 
232.8264 	 416.1475 	 1.8238 
232.8299 	 298.9046 	 1.6078 
232.8333 	 302.2951 	 1.6393 
232.8368 	 276.5194 	 1.9788 
232.8403 	 234.7131 	 2.0902 
232.8438 	 231.5548 	 1.9965 
232.8472 	 180.2869 	 1.5574 
232.8507 	 155.9752 	 1.7908 
232.8542 	 160.3689 	 1.8648 
232.8576 	 148.5638 	 1.4716 
232.8611 	 128.5041 	 1.7213 
232.8646 	 125.4078 	 1.3830 
232.8681 	 106.8443 	 1.5164 
232.8715 	 94.5390 	 1.3475 
232.8750 	 80.3689 	 1.5574 
232.8785 	 70.6028 	 1.2943 
232.8819 	 71.7143 	 1.3061 
232.8854 	 66.9149 	 1.0816 
232.8889 	 70.1837 	 1.1224 
232.8924 	 70.4433 	 1.5248 
232.8958 	 71.5714 	 1.4490 
232.8993 	 72.6950 	 1.2589 
232.9028 	 73.8571 	 1.5918 
232.9063 	 76.3929 	 1.2500 
232.9097 	 76.2602 	 1.2398 
232.9132 	 80.7321 	 1.5714 
232.9167 	 83.7805 	 1.2195 
232.9201 	 89.9821 	 1.1964 
232.9236 	 80.0813 	 1.4228 
232.9271 	 83.2679 	 1.5536 
232.9306 	 109.2073 	 1.9106 
232.9340 	 176.0357 	 1.7500 
232.9375 	 234.2308 	 1.9433 
232.9410 	 288.3750 	 2.3036 
232.9444 	 315.6275 	 1.7814 
232.9479 	 349.8750 	 1.7143 
232.9514 	 315.1822 	 1.8421 
232.9549 	 317.3214 	 1.7857 
232.9583 	 318.1377 	 1.9838 
232.9618 	 339.6774 	 1.7384 
232.9653 	 329.9595 	 2.0040 
232.9688 	 317.2939 	 1.7921 
232.9722 	 310.7085 	 1.6802 
232.9757 	 295.9319 	 1.5591 
232.9792 	 298.7449 	 1.9231 
232.9826 	 292.7419 	 1.5771 
232.9861 	 284.1700 	 1.6194 
232.9896 	 263.4588 	 1.6667 
232.9931 	 260.8468 	 1.4315 
232.9965 	 279.9642 	 1.6846 
233.0000 	 288.2056 	 1.4919 
