Time-Day of Year 	 Electron flux 	 Proton flux 	 (Flux in the units of counts/sq cm.sec.sr) 
90.0035 	 46.3481 	 0.7167 
90.0069 	 42.4249 	 0.7082 
90.0104 	 49.8805 	 0.6485 
90.0139 	 53.5837 	 0.8369 
90.0174 	 54.2491 	 0.5290 
90.0208 	 60.7725 	 0.6867 
90.0243 	 57.8498 	 0.8362 
90.0278 	 72.4359 	 0.9615 
90.0313 	 71.1092 	 0.7850 
90.0347 	 74.6795 	 0.8120 
90.0382 	 79.0444 	 0.8362 
90.0417 	 77.8970 	 0.7082 
90.0451 	 117.9693 	 0.9044 
90.0486 	 109.0987 	 1.0300 
90.0521 	 107.0990 	 0.8020 
90.0556 	 103.3691 	 0.9227 
90.0590 	 119.9488 	 0.7167 
90.0625 	 124.4421 	 0.8798 
90.0660 	 137.5939 	 0.8532 
90.0694 	 155.1288 	 0.7940 
90.0729 	 166.2799 	 0.6826 
90.0764 	 180.7725 	 0.7296 
90.0799 	 195.8874 	 0.8020 
90.0833 	 200.4487 	 0.7906 
90.0868 	 209.9659 	 0.8703 
90.0903 	 242.0086 	 1.0470 
90.0938 	 264.4027 	 0.9215 
90.0972 	 277.1795 	 0.9188 
90.1007 	 292.7133 	 1.0922 
90.1042 	 298.2189 	 0.9871 
90.1076 	 309.8464 	 0.6997 
90.1111 	 322.5322 	 1.1159 
90.1146 	 326.9795 	 1.2116 
90.1181 	 348.1116 	 1.0944 
90.1215 	 342.4744 	 1.1604 
90.1250 	 354.3777 	 0.9442 
90.1285 	 348.0375 	 0.9215 
90.1319 	 350.1502 	 0.9227 
90.1354 	 318.4983 	 0.8532 
90.1389 	 314.4231 	 0.8974 
90.1424 	 331.0068 	 1.0410 
90.1458 	 321.9872 	 0.7479 
90.1493 	 308.4642 	 1.0580 
90.1528 	 315.6410 	 0.8120 
90.1563 	 314.1979 	 0.8532 
90.1597 	 298.8412 	 0.8155 
90.1632 	 307.9693 	 0.8532 
90.1667 	 295.4095 	 0.8836 
90.1701 	 294.8976 	 0.9556 
90.1736 	 295.3433 	 0.8584 
90.1771 	 291.5017 	 0.7509 
90.1806 	 308.5837 	 0.9442 
90.1840 	 333.4471 	 0.7679 
90.1875 	 321.7811 	 0.7296 
90.1910 	 321.6041 	 0.9386 
90.1944 	 318.2479 	 1.0897 
90.1979 	 325.9898 	 0.8191 
90.2014 	 318.0769 	 0.7692 
90.2049 	 324.0785 	 0.9898 
90.2083 	 326.6026 	 1.0897 
90.2118 	 327.1672 	 0.9556 
90.2153 	 316.7811 	 0.8155 
90.2188 	 331.4676 	 0.7679 
90.2222 	 340.1931 	 0.7725 
90.2257 	 337.2014 	 0.8874 
90.2292 	 341.1588 	 0.9871 
90.2326 	 320.9727 	 0.9386 
90.2361 	 334.6996 	 0.9227 
90.2396 	 330.2730 	 0.9044 
90.2431 	 335.4721 	 0.9657 
90.2465 	 343.8055 	 0.7338 
90.2500 	 334.2949 	 0.7692 
90.2535 	 340.6826 	 1.0410 
90.2569 	 335.7692 	 0.8547 
90.2604 	 385.5802 	 1.0580 
90.2639 	 402.0513 	 0.6624 
90.2674 	 398.1741 	 0.9556 
90.2708 	 389.8498 	 0.9013 
90.2743 	 401.3140 	 0.9215 
90.2778 	 408.4979 	 0.9227 
90.2813 	 409.2662 	 1.1604 
90.2847 	 432.7682 	 0.9871 
90.2882 	 451.1986 	 0.6678 
90.2917 	 444.9142 	 1.0300 
90.2951 	 441.7406 	 0.8703 
90.2986 	 440.6652 	 1.0300 
90.3021 	 464.9317 	 0.9727 
90.3056 	 423.9316 	 0.9829 
90.3090 	 400.2560 	 0.9556 
90.3125 	 383.8462 	 0.9188 
90.3160 	 399.7270 	 0.9898 
90.3194 	 387.0086 	 1.0043 
90.3229 	 394.1468 	 0.8191 
90.3264 	 409.2060 	 1.1373 
90.3299 	 412.2696 	 0.8874 
90.3333 	 378.7339 	 0.7511 
90.3368 	 372.1843 	 0.7679 
90.3403 	 357.6180 	 0.9657 
90.3438 	 343.5836 	 0.7509 
90.3472 	 350.3648 	 0.9227 
90.3507 	 349.6416 	 0.7338 
90.3542 	 325.9442 	 0.8369 
90.3576 	 312.3037 	 0.9386 
90.3611 	 312.5641 	 0.8974 
90.3646 	 295.1707 	 0.8874 
90.3681 	 289.2949 	 0.9188 
90.3715 	 287.0648 	 0.9898 
90.3750 	 264.5086 	 0.7692 
90.3785 	 281.9966 	 0.8362 
90.3819 	 266.8455 	 1.1373 
90.3854 	 273.9761 	 1.0068 
90.3889 	 249.1416 	 0.9871 
90.3924 	 253.4130 	 0.9727 
90.3958 	 247.4464 	 0.9657 
90.3993 	 244.7952 	 0.9727 
90.4028 	 241.5451 	 0.9657 
90.4063 	 273.6689 	 0.7167 
90.4097 	 271.7811 	 0.9227 
90.4132 	 248.3904 	 0.8733 
90.4167 	 254.9571 	 0.7082 
90.4201 	 232.8498 	 0.7338 
90.4236 	 229.9573 	 1.0043 
90.4271 	 248.9420 	 1.1092 
90.4306 	 251.4103 	 1.2179 
90.4340 	 210.9215 	 0.7167 
90.4375 	 213.1331 	 0.8798 
90.4410 	 181.1433 	 0.8020 
90.4444 	 207.2532 	 0.7296 
90.4479 	 201.9283 	 0.8532 
90.4514 	 185.3219 	 0.8155 
90.4549 	 192.4403 	 1.1092 
90.4583 	 194.3991 	 0.9871 
90.4618 	 188.9590 	 0.9898 
90.4653 	 202.7039 	 0.7296 
90.4688 	 183.0887 	 1.0410 
90.4722 	 180.7051 	 0.8547 
90.4757 	 182.5768 	 0.6826 
90.4792 	 177.2650 	 0.8120 
90.4826 	 163.4642 	 0.8532 
90.4861 	 180.4273 	 0.7906 
90.4896 	 191.1945 	 0.9386 
90.4931 	 186.1803 	 1.0515 
90.4965 	 179.1979 	 0.9215 
90.5000 	 168.9914 	 0.7940 
90.5035 	 172.6792 	 0.9215 
90.5069 	 180.7940 	 0.8798 
90.5104 	 175.1706 	 0.9386 
90.5139 	 157.4034 	 0.9657 
90.5174 	 151.2457 	 0.9386 
90.5208 	 149.0558 	 0.9871 
90.5243 	 141.1775 	 0.8020 
90.5278 	 122.6496 	 0.8974 
90.5313 	 122.4915 	 0.7167 
90.5347 	 120.8974 	 0.8333 
90.5382 	 127.3379 	 0.7509 
90.5417 	 120.6438 	 0.8369 
90.5451 	 125.9556 	 0.9215 
90.5486 	 127.1674 	 1.1373 
90.5521 	 131.8942 	 0.8362 
90.5556 	 125.4936 	 0.9657 
90.5590 	 114.4539 	 0.8874 
90.5625 	 126.2232 	 0.6223 
90.5660 	 119.1126 	 0.9898 
90.5694 	 111.7382 	 0.6438 
90.5729 	 107.8840 	 0.7509 
90.5764 	 102.6180 	 0.6438 
90.5799 	 97.9352 	 0.9386 
90.5833 	 92.9274 	 0.6410 
90.5868 	 113.1229 	 1.1433 
90.5903 	 106.4530 	 0.8547 
90.5938 	 111.3311 	 0.9727 
90.5972 	 103.1838 	 0.8333 
90.6007 	 96.0068 	 0.9556 
90.6042 	 81.4592 	 1.0086 
90.6076 	 87.4915 	 0.7338 
90.6111 	 91.9528 	 0.7725 
90.6146 	 85.4266 	 0.8532 
90.6181 	 80.8155 	 0.8155 
90.6215 	 83.1741 	 0.9044 
90.6250 	 81.6953 	 0.9013 
90.6285 	 80.5119 	 0.8191 
90.6319 	 77.0386 	 0.6223 
90.6354 	 79.7611 	 0.6997 
90.6389 	 69.0171 	 0.9188 
90.6424 	 69.2491 	 0.7167 
90.6458 	 71.1325 	 0.9615 
90.6493 	 65.7509 	 0.6997 
90.6528 	 67.5641 	 0.9402 
90.6563 	 65.7509 	 0.6997 
90.6597 	 57.9614 	 0.8369 
90.6632 	 57.5427 	 0.8020 
90.6667 	 57.2845 	 0.7328 
90.6701 	 54.5904 	 0.6826 
90.6736 	 54.6567 	 0.8155 
90.6771 	 50.9386 	 0.5631 
90.6806 	 48.0687 	 0.7082 
90.6840 	 42.9863 	 0.8020 
90.6875 	 38.9270 	 0.7296 
90.6910 	 35.1195 	 0.6485 
90.6944 	 15.9402 	 0.6410 
90.6979 	 14.9317 	 0.7167 
90.7014 	 19.1667 	 0.4487 
90.7049 	 25.0683 	 0.7338 
90.7083 	 34.1880 	 0.8547 
90.7118 	 43.2935 	 0.6826 
90.7153 	 50.9871 	 0.6438 
90.7188 	 61.7065 	 0.8874 
90.7222 	 70.3863 	 0.9227 
90.7257 	 66.6894 	 0.9386 
90.7292 	 57.8755 	 0.7511 
90.7326 	 50.8874 	 0.8703 
90.7361 	 42.3820 	 0.8155 
90.7396 	 43.2765 	 1.0239 
90.7431 	 42.0172 	 0.6009 
90.7465 	 42.0648 	 0.8532 
90.7500 	 42.1154 	 1.0043 
90.7535 	 35.0341 	 0.7679 
90.7569 	 34.3590 	 0.6410 
90.7604 	 39.1126 	 0.8532 
90.7639 	 39.1667 	 0.8974 
90.7674 	 36.3140 	 0.7850 
90.7708 	 31.5236 	 0.9442 
90.7743 	 33.1399 	 0.7679 
90.7778 	 32.4893 	 0.8155 
90.7813 	 31.2969 	 0.8362 
90.7847 	 35.6867 	 0.6867 
90.7882 	 34.3003 	 0.8191 
90.7917 	 30.0647 	 0.9052 
90.7951 	 33.0034 	 0.8532 
90.7986 	 31.6094 	 0.9013 
90.8021 	 30.4096 	 0.8703 
90.8056 	 26.7308 	 0.7479 
90.8090 	 24.6075 	 0.8191 
90.8125 	 21.7308 	 0.7265 
90.8160 	 19.5222 	 0.7167 
90.8194 	 22.3504 	 1.1752 
90.8229 	 20.4608 	 0.9044 
90.8264 	 21.8455 	 0.6867 
90.8299 	 21.8259 	 1.0751 
90.8333 	 20.2146 	 0.8369 
90.8368 	 19.1809 	 0.8532 
90.8403 	 18.2189 	 0.8798 
90.8438 	 17.9863 	 0.9898 
90.8472 	 20.4721 	 0.9227 
90.8507 	 19.4198 	 0.7679 
90.8542 	 19.2918 	 1.1159 
90.8576 	 21.4676 	 0.7167 
90.8611 	 21.1966 	 0.8974 
90.8646 	 21.4676 	 1.0751 
90.8681 	 21.7521 	 1.0256 
90.8715 	 20.1024 	 0.9386 
90.8750 	 17.5855 	 0.8761 
90.8785 	 16.3652 	 0.8020 
90.8819 	 15.9657 	 1.0300 
90.8854 	 13.9420 	 0.9727 
90.8889 	 12.1030 	 0.9442 
90.8924 	 10.7338 	 0.8020 
90.8958 	 10.3648 	 0.6223 
90.8993 	 10.8874 	 0.7167 
90.9028 	 12.7039 	 1.0730 
90.9063 	 12.6792 	 0.8703 
90.9097 	 13.2618 	 0.5794 
90.9132 	 13.2765 	 0.9215 
90.9167 	 14.7425 	 0.5150 
90.9201 	 14.3686 	 0.6655 
90.9236 	 15.5342 	 0.7051 
90.9271 	 15.8191 	 0.8362 
90.9306 	 14.5513 	 0.6838 
90.9340 	 14.6587 	 0.9044 
90.9375 	 19.6137 	 0.6652 
90.9410 	 19.1468 	 0.6826 
90.9444 	 19.6352 	 0.8155 
90.9479 	 18.6860 	 0.8362 
90.9514 	 20.3863 	 0.9013 
90.9549 	 20.2389 	 0.8020 
90.9583 	 18.9700 	 0.8584 
90.9618 	 21.3652 	 0.7679 
90.9653 	 25.6223 	 1.0730 
90.9688 	 21.5358 	 0.8191 
90.9722 	 28.2265 	 1.0470 
90.9757 	 25.3242 	 0.8874 
90.9792 	 25.4701 	 1.0897 
90.9826 	 25.6143 	 1.0410 
90.9861 	 28.2479 	 1.0043 
90.9896 	 33.5666 	 0.9898 
90.9931 	 34.2704 	 0.7940 
90.9965 	 44.3345 	 0.9898 
91.0000 	 42.3922 	 0.6466 
