Time-Day of Year 	 Electron flux 	 Proton flux 	 (Flux in the units of counts/sq cm.sec.sr) 
24.0035 	 159.1126 	 1.2799 
24.0069 	 162.3077 	 1.5598 
24.0104 	 162.2014 	 1.1092 
24.0139 	 164.7650 	 1.6026 
24.0174 	 168.5324 	 1.4505 
24.0208 	 169.4872 	 1.3675 
24.0243 	 166.7065 	 1.1775 
24.0278 	 172.1674 	 1.2661 
24.0313 	 171.5188 	 1.3311 
24.0347 	 171.9313 	 1.3519 
24.0382 	 168.9761 	 1.4334 
24.0417 	 176.5665 	 1.2876 
24.0451 	 179.2150 	 1.2799 
24.0486 	 185.5794 	 1.0515 
24.0521 	 184.7099 	 1.3652 
24.0556 	 192.4034 	 1.4163 
24.0590 	 190.3242 	 1.5358 
24.0625 	 194.2060 	 1.3948 
24.0660 	 190.8021 	 1.4676 
24.0694 	 201.8803 	 1.4103 
24.0729 	 204.7782 	 1.2287 
24.0764 	 205.0427 	 1.4530 
24.0799 	 211.6894 	 1.3481 
24.0833 	 208.2189 	 1.3519 
24.0868 	 212.0819 	 1.7235 
24.0903 	 214.3133 	 1.8026 
24.0938 	 217.2184 	 1.3993 
24.0972 	 221.3090 	 1.5665 
24.1007 	 222.2526 	 1.2287 
24.1042 	 223.4764 	 1.3734 
24.1076 	 231.3993 	 1.3481 
24.1111 	 231.5022 	 1.3305 
24.1146 	 234.6075 	 1.4846 
24.1181 	 235.7479 	 1.7308 
24.1215 	 238.1911 	 1.5017 
24.1250 	 242.7778 	 1.5171 
24.1285 	 242.9693 	 1.3140 
24.1319 	 252.4145 	 1.2393 
24.1354 	 253.1229 	 1.5188 
24.1389 	 263.4052 	 1.6810 
24.1424 	 267.2696 	 1.7577 
24.1458 	 270.1288 	 1.6094 
24.1493 	 272.3549 	 1.4164 
24.1528 	 282.2532 	 1.5236 
24.1563 	 282.4232 	 1.6041 
24.1597 	 291.8884 	 1.6309 
24.1632 	 285.6485 	 1.1604 
24.1667 	 277.9828 	 1.2017 
24.1701 	 266.3993 	 1.4334 
24.1736 	 281.1538 	 1.2179 
24.1771 	 289.6758 	 1.4676 
24.1806 	 304.1416 	 1.3948 
24.1840 	 316.3652 	 1.4164 
24.1875 	 310.0000 	 1.4316 
24.1910 	 301.8089 	 1.1433 
24.1944 	 310.1288 	 1.5451 
24.1979 	 330.0683 	 1.3311 
24.2014 	 324.2275 	 1.3519 
24.2049 	 329.2491 	 1.6553 
24.2083 	 340.6009 	 1.3305 
24.2118 	 340.3584 	 1.2799 
24.2153 	 352.8326 	 1.3948 
24.2188 	 356.3140 	 1.4505 
24.2222 	 356.2876 	 1.3734 
24.2257 	 349.4027 	 1.5358 
24.2292 	 361.6880 	 1.1752 
24.2326 	 368.6860 	 1.1945 
24.2361 	 366.7949 	 1.3462 
24.2396 	 378.9079 	 1.5188 
24.2431 	 352.1368 	 1.3889 
24.2465 	 323.2765 	 1.4164 
24.2500 	 327.3176 	 1.4592 
24.2535 	 344.2321 	 1.4676 
24.2569 	 354.3777 	 1.2661 
24.2604 	 342.2014 	 1.2457 
24.2639 	 353.3906 	 1.5880 
24.2674 	 362.3549 	 1.5700 
24.2708 	 369.3777 	 1.6309 
24.2743 	 368.2594 	 1.4164 
24.2778 	 371.4807 	 1.1588 
24.2813 	 372.5256 	 1.5870 
24.2847 	 362.0727 	 1.6880 
24.2882 	 359.3003 	 1.6212 
24.2917 	 365.2778 	 1.4530 
24.2951 	 371.5358 	 1.8771 
24.2986 	 375.2360 	 1.6309 
24.3021 	 365.9556 	 1.6724 
24.3056 	 375.6867 	 1.4378 
24.3090 	 376.2799 	 1.4676 
24.3125 	 381.5451 	 1.8670 
24.3160 	 373.2594 	 1.5017 
24.3194 	 359.8283 	 1.5880 
24.3229 	 366.7406 	 1.3481 
24.3264 	 383.8841 	 1.5236 
24.3299 	 388.9590 	 1.2457 
24.3333 	 382.2961 	 1.5021 
24.3368 	 384.4027 	 1.9113 
24.3403 	 378.0556 	 1.3462 
24.3438 	 392.3549 	 1.4334 
24.3472 	 397.4786 	 1.6239 
24.3507 	 407.6963 	 1.6041 
24.3542 	 415.7906 	 1.4530 
24.3576 	 408.2594 	 1.6553 
24.3611 	 416.8669 	 1.5451 
24.3646 	 412.4403 	 1.5017 
24.3681 	 403.3476 	 1.8670 
24.3715 	 428.9420 	 1.3823 
24.3750 	 430.0858 	 1.8884 
24.3785 	 417.3379 	 1.7235 
24.3819 	 403.4979 	 1.7597 
24.3854 	 402.3549 	 1.5188 
24.3889 	 385.7296 	 1.4163 
24.3924 	 393.2253 	 1.2628 
24.3958 	 397.6496 	 1.6453 
24.3993 	 397.5256 	 1.2287 
24.4028 	 387.8846 	 1.5812 
24.4063 	 376.1945 	 1.3311 
24.4097 	 405.4273 	 1.5598 
24.4132 	 401.4846 	 1.3823 
24.4167 	 391.7888 	 1.5086 
24.4201 	 409.2491 	 1.6724 
24.4236 	 425.1502 	 1.5236 
24.4271 	 428.1229 	 1.6382 
24.4306 	 419.4635 	 1.6953 
24.4340 	 404.8635 	 1.5529 
24.4375 	 402.2747 	 1.2661 
24.4410 	 421.5700 	 1.3823 
24.4444 	 443.2189 	 1.4378 
24.4479 	 422.2184 	 1.4846 
24.4514 	 465.0000 	 1.2179 
24.4549 	 453.5324 	 1.4164 
24.4583 	 407.4145 	 1.4530 
24.4618 	 360.0000 	 1.5529 
24.4653 	 433.7179 	 1.3889 
24.4688 	 429.3515 	 1.7065 
24.4722 	 395.5365 	 1.4807 
24.4757 	 400.1194 	 1.3823 
24.4792 	 403.8841 	 1.0300 
24.4826 	 457.2355 	 1.5870 
24.4861 	 501.4807 	 1.6738 
24.4896 	 555.5973 	 1.6212 
24.4931 	 557.7253 	 1.6094 
24.4965 	 539.4369 	 1.5529 
24.5000 	 508.2403 	 1.4378 
24.5035 	 479.3515 	 1.7406 
24.5069 	 391.0256 	 1.2821 
24.5104 	 352.0961 	 1.2882 
24.5139 	 366.8803 	 1.2821 
24.5174 	 363.2082 	 1.5700 
24.5208 	 347.0727 	 1.1966 
24.5243 	 345.1707 	 1.5017 
24.5278 	 334.5299 	 1.7308 
24.5313 	 321.3311 	 1.2628 
24.5347 	 314.0086 	 1.1207 
24.5382 	 267.8840 	 1.4334 
24.5417 	 257.7682 	 1.1588 
24.5451 	 244.7099 	 1.2287 
24.5486 	 228.5408 	 1.0944 
24.5521 	 225.2730 	 1.1604 
24.5556 	 232.8970 	 1.2232 
24.5590 	 224.9317 	 1.2287 
24.5625 	 218.1197 	 1.4530 
24.5660 	 207.2696 	 1.1433 
24.5694 	 198.1624 	 1.3034 
24.5729 	 172.7816 	 1.0922 
24.5764 	 155.7692 	 1.1325 
24.5799 	 144.2491 	 1.3993 
24.5833 	 129.5513 	 1.2179 
24.5868 	 124.6246 	 1.0239 
24.5903 	 108.3691 	 0.9871 
24.5938 	 99.7611 	 1.0239 
24.5972 	 93.7983 	 0.8369 
24.6007 	 45.5461 	 0.9215 
24.6042 	 13.9700 	 0.8584 
24.6076 	 18.9249 	 0.7850 
24.6111 	 21.1588 	 0.7940 
24.6146 	 25.2730 	 1.0068 
24.6181 	 28.8841 	 1.0086 
24.6215 	 31.8089 	 0.9727 
24.6250 	 27.4145 	 0.9188 
24.6285 	 21.0239 	 0.8191 
24.6319 	 19.2735 	 0.6838 
24.6354 	 17.2355 	 0.7509 
24.6389 	 19.2521 	 0.7479 
24.6424 	 21.5017 	 0.8191 
24.6458 	 22.4249 	 0.7082 
24.6493 	 19.3686 	 0.8191 
24.6528 	 19.3750 	 0.7328 
24.6563 	 21.1775 	 0.9556 
24.6597 	 20.9013 	 1.0515 
24.6632 	 18.4642 	 0.9556 
24.6667 	 20.0215 	 0.7511 
24.6701 	 20.5119 	 0.9044 
24.6736 	 21.7167 	 1.2446 
24.6771 	 21.8430 	 1.0239 
24.6806 	 23.3761 	 1.2179 
24.6840 	 20.8191 	 1.0751 
24.6875 	 17.2863 	 0.9402 
24.6910 	 15.5802 	 0.8532 
24.6944 	 14.9573 	 1.0470 
24.6979 	 13.2765 	 1.0410 
24.7014 	 12.5107 	 0.9013 
24.7049 	 9.9147 	 0.8874 
24.7083 	 9.3133 	 0.7725 
24.7118 	 9.7782 	 0.7679 
24.7153 	 8.7554 	 0.7082 
24.7188 	 9.7099 	 0.9215 
24.7222 	 10.1717 	 0.6652 
24.7257 	 9.6587 	 0.5802 
24.7292 	 10.8155 	 1.0086 
24.7326 	 11.2628 	 1.1092 
24.7361 	 12.0085 	 1.0256 
24.7396 	 12.0307 	 1.0751 
24.7431 	 10.5983 	 1.0256 
24.7465 	 9.8123 	 1.0580 
24.7500 	 8.6538 	 0.7692 
24.7535 	 9.4027 	 0.9556 
24.7569 	 8.4764 	 1.0086 
24.7604 	 8.9932 	 1.0410 
24.7639 	 9.8069 	 0.6009 
24.7674 	 9.3686 	 1.0751 
24.7708 	 9.1595 	 1.0776 
24.7743 	 9.4369 	 1.0239 
24.7778 	 9.1202 	 0.7082 
24.7813 	 10.1877 	 0.8532 
24.7847 	 10.0858 	 0.9657 
24.7882 	 10.7850 	 0.9386 
24.7917 	 9.9573 	 0.7051 
24.7951 	 10.0853 	 0.9386 
24.7986 	 8.6111 	 0.7051 
24.8021 	 10.0853 	 1.1263 
24.8056 	 9.0385 	 0.7479 
24.8090 	 9.3174 	 0.9386 
24.8125 	 8.4335 	 0.7082 
24.8160 	 9.3345 	 0.8191 
24.8194 	 8.6481 	 0.8369 
24.8229 	 7.8157 	 0.6997 
24.8264 	 9.1416 	 0.9442 
24.8299 	 8.8225 	 0.9386 
24.8333 	 7.9828 	 0.8584 
24.8368 	 7.9010 	 0.9215 
24.8403 	 7.5966 	 0.8798 
24.8438 	 6.8601 	 0.6826 
24.8472 	 7.3932 	 0.5342 
24.8507 	 6.5188 	 0.8191 
24.8542 	 6.9872 	 0.9188 
24.8576 	 7.0648 	 0.8020 
24.8611 	 6.7094 	 0.8547 
24.8646 	 7.7986 	 0.8362 
24.8681 	 7.3820 	 0.9657 
24.8715 	 8.6860 	 1.0922 
24.8750 	 8.7768 	 1.0515 
24.8785 	 8.6689 	 0.6143 
24.8819 	 7.9614 	 1.1588 
24.8854 	 7.7645 	 0.7850 
24.8889 	 6.8534 	 0.9052 
24.8924 	 5.9044 	 0.8362 
24.8958 	 9.2918 	 0.7511 
24.8993 	 6.0410 	 0.8703 
24.9028 	 3.7393 	 0.7051 
24.9063 	 5.7679 	 0.9044 
24.9097 	 10.5128 	 1.0256 
24.9132 	 10.6655 	 0.8362 
24.9167 	 9.2949 	 0.6624 
24.9201 	 15.8532 	 1.0068 
24.9236 	 14.6781 	 0.9227 
24.9271 	 11.7065 	 0.7167 
24.9306 	 10.2146 	 0.9442 
24.9340 	 8.0546 	 0.6826 
24.9375 	 8.7124 	 0.9871 
24.9410 	 12.1160 	 1.0580 
24.9444 	 10.4292 	 1.1159 
24.9479 	 11.0580 	 1.1433 
24.9514 	 10.3205 	 0.9615 
24.9549 	 11.9966 	 1.0751 
24.9583 	 6.6239 	 0.7479 
24.9618 	 5.3925 	 0.8532 
24.9653 	 11.7735 	 1.0470 
24.9688 	 20.9215 	 1.5870 
24.9722 	 12.5641 	 1.1966 
24.9757 	 4.1468 	 0.9215 
24.9792 	 7.7039 	 0.8584 
24.9826 	 21.0580 	 1.1092 
24.9861 	 29.3348 	 1.1159 
24.9896 	 26.5188 	 0.9215 
24.9931 	 26.1803 	 1.3090 
24.9965 	 21.9795 	 1.3993 
25.0000 	 24.2457 	 1.2716 
