Time-Day of Year 	 Electron flux 	 Proton flux 	 (Flux in the units of counts/sq cm.sec.sr) 
180.0035 	 241.0922 	 1.5188 
180.0069 	 251.8803 	 1.6026 
180.0104 	 249.5393 	 1.4505 
180.0139 	 256.1752 	 1.2607 
180.0174 	 288.3447 	 1.2457 
180.0208 	 281.8669 	 1.5021 
180.0243 	 292.6280 	 1.3993 
180.0278 	 283.3262 	 1.4378 
180.0313 	 309.9317 	 1.4505 
180.0347 	 324.8927 	 1.3734 
180.0382 	 335.4966 	 1.6610 
180.0417 	 334.0948 	 1.1638 
180.0451 	 348.2253 	 1.5017 
180.0486 	 353.7124 	 1.6953 
180.0521 	 363.1229 	 1.2287 
180.0556 	 381.6880 	 1.4530 
180.0590 	 379.2833 	 1.5870 
180.0625 	 401.0684 	 1.2821 
180.0660 	 416.1945 	 1.7065 
180.0694 	 417.3932 	 1.5385 
180.0729 	 411.8601 	 1.5529 
180.0764 	 408.4335 	 1.6524 
180.0799 	 406.8259 	 1.3993 
180.0833 	 413.2189 	 1.3734 
180.0868 	 420.1877 	 1.6382 
180.0903 	 418.6910 	 1.4163 
180.0938 	 421.8771 	 1.4164 
180.0972 	 415.5794 	 1.2876 
180.1007 	 418.9249 	 1.4676 
180.1042 	 421.2232 	 1.6524 
180.1076 	 418.7713 	 1.7406 
180.1111 	 417.7778 	 1.8162 
180.1146 	 428.8055 	 1.3823 
180.1181 	 438.7179 	 1.4744 
180.1215 	 436.9454 	 1.4846 
180.1250 	 434.6368 	 1.5171 
180.1285 	 422.0307 	 1.1945 
180.1319 	 430.9013 	 1.6094 
180.1354 	 463.9420 	 1.5529 
180.1389 	 471.4592 	 1.7167 
180.1424 	 471.8089 	 1.5188 
180.1458 	 464.3991 	 1.4807 
180.1493 	 463.2594 	 1.5188 
180.1528 	 451.9957 	 1.4378 
180.1563 	 465.2560 	 1.2287 
180.1597 	 454.3133 	 1.3090 
180.1632 	 479.1438 	 1.4897 
180.1667 	 504.7009 	 1.5598 
180.1701 	 529.9488 	 1.7747 
180.1736 	 557.6068 	 1.4744 
180.1771 	 550.2560 	 1.5358 
180.1806 	 551.0256 	 1.4957 
180.1840 	 541.8430 	 1.3140 
180.1875 	 540.6652 	 1.1159 
180.1910 	 539.6246 	 1.0922 
180.1944 	 535.4936 	 1.2876 
180.1979 	 540.1195 	 1.2457 
180.2014 	 556.8669 	 1.6094 
180.2049 	 576.0068 	 1.5529 
180.2083 	 570.0644 	 1.6524 
180.2118 	 567.4403 	 1.6553 
180.2153 	 585.1288 	 1.5665 
180.2188 	 594.4198 	 1.5529 
180.2222 	 607.5641 	 1.3889 
180.2257 	 579.0273 	 1.5017 
180.2292 	 584.2521 	 1.6239 
180.2326 	 586.6553 	 1.6894 
180.2361 	 599.2094 	 1.8803 
180.2396 	 584.9147 	 1.5700 
180.2431 	 575.1923 	 1.6880 
180.2465 	 594.1126 	 1.3481 
180.2500 	 585.9871 	 1.3948 
180.2535 	 580.0171 	 1.2116 
180.2569 	 607.5322 	 1.4163 
180.2604 	 591.3823 	 1.5188 
180.2639 	 570.1073 	 1.2661 
180.2674 	 566.5358 	 1.3652 
180.2708 	 559.7210 	 1.2876 
180.2743 	 534.0614 	 1.5188 
180.2778 	 520.8333 	 1.2179 
180.2813 	 507.4061 	 1.5529 
180.2847 	 522.9828 	 1.6309 
180.2882 	 524.7611 	 1.2287 
180.2917 	 509.4444 	 1.4744 
180.2951 	 506.5358 	 1.3140 
180.2986 	 523.6966 	 1.2179 
180.3021 	 513.7372 	 1.1604 
180.3056 	 539.5494 	 1.5880 
180.3090 	 537.9864 	 1.4676 
180.3125 	 492.0172 	 1.4378 
180.3160 	 484.1468 	 1.2287 
180.3194 	 506.9742 	 1.1373 
180.3229 	 522.0990 	 1.3311 
180.3264 	 558.3262 	 1.6094 
180.3299 	 508.5495 	 1.2799 
180.3333 	 481.5812 	 1.1111 
180.3368 	 502.2526 	 1.7235 
180.3403 	 523.3761 	 1.6026 
180.3438 	 539.2491 	 1.2969 
180.3472 	 537.4145 	 1.3675 
180.3507 	 512.4232 	 1.3993 
180.3542 	 493.2692 	 1.3889 
180.3576 	 486.9795 	 1.2287 
180.3611 	 489.5923 	 1.1588 
180.3646 	 477.5597 	 1.7235 
180.3681 	 478.4549 	 1.3734 
180.3715 	 498.4812 	 1.3311 
180.3750 	 480.3219 	 1.2446 
180.3785 	 487.1843 	 1.3140 
180.3819 	 527.8112 	 0.9013 
180.3854 	 526.8259 	 1.6041 
180.3889 	 502.5214 	 1.0470 
180.3924 	 527.5768 	 1.5017 
180.3958 	 519.7863 	 1.4530 
180.3993 	 531.1433 	 1.2628 
180.4028 	 524.7222 	 1.4316 
180.4063 	 513.6130 	 1.2329 
180.4097 	 490.6838 	 1.3462 
180.4132 	 508.3106 	 1.2287 
180.4167 	 523.0472 	 1.4592 
180.4201 	 513.1570 	 1.4334 
180.4236 	 524.4850 	 1.2446 
180.4271 	 533.4130 	 1.5188 
180.4306 	 519.3777 	 1.5665 
180.4340 	 527.7133 	 1.6553 
180.4375 	 585.2360 	 1.5880 
180.4410 	 592.8498 	 1.2287 
180.4444 	 578.9485 	 1.2017 
180.4479 	 559.3003 	 1.6553 
180.4514 	 542.6068 	 1.2821 
180.4549 	 515.0341 	 1.2287 
180.4583 	 497.2009 	 1.2821 
180.4618 	 505.3584 	 1.1604 
180.4653 	 502.5427 	 1.4316 
180.4688 	 488.4812 	 1.5529 
180.4722 	 494.6567 	 1.6309 
180.4757 	 485.4949 	 1.3993 
180.4792 	 513.9914 	 1.3948 
180.4826 	 527.4573 	 1.5188 
180.4861 	 534.2489 	 1.5236 
180.4896 	 532.7986 	 1.2628 
180.4931 	 526.0730 	 1.1588 
180.4965 	 536.8771 	 1.2969 
180.5000 	 529.7210 	 1.3305 
180.5035 	 546.2457 	 1.5700 
180.5069 	 511.4316 	 1.1752 
180.5104 	 526.5700 	 1.3311 
180.5139 	 550.9829 	 1.3889 
180.5174 	 570.8362 	 1.5188 
180.5208 	 592.2650 	 1.1752 
180.5243 	 612.9010 	 1.5017 
180.5278 	 577.5966 	 1.4378 
180.5313 	 567.2603 	 1.4555 
180.5347 	 556.0300 	 1.4807 
180.5382 	 559.2491 	 1.3652 
180.5417 	 547.2318 	 1.3305 
180.5451 	 532.4232 	 1.2628 
180.5486 	 547.8112 	 1.2876 
180.5521 	 537.9693 	 1.3140 
180.5556 	 543.6481 	 1.5665 
180.5590 	 547.5427 	 1.5017 
180.5625 	 526.1539 	 1.0470 
180.5660 	 593.7543 	 1.3481 
180.5694 	 614.1026 	 1.6880 
180.5729 	 567.2526 	 1.4164 
180.5764 	 601.1539 	 1.0684 
180.5799 	 592.8157 	 1.5188 
180.5833 	 594.8498 	 1.4378 
180.5868 	 558.3788 	 1.5358 
180.5903 	 511.2232 	 1.4163 
180.5938 	 516.6212 	 1.6212 
180.5972 	 561.9528 	 1.5236 
180.6007 	 547.9181 	 1.2969 
180.6042 	 508.3476 	 1.1588 
180.6076 	 529.4539 	 1.4676 
180.6111 	 521.9957 	 1.5665 
180.6146 	 525.5631 	 1.3140 
180.6181 	 508.2906 	 1.8376 
180.6215 	 491.7235 	 1.2799 
180.6250 	 454.9145 	 1.1325 
180.6285 	 408.3277 	 1.0410 
180.6319 	 408.8675 	 1.2179 
180.6354 	 400.4608 	 1.4676 
180.6389 	 367.8112 	 1.3734 
180.6424 	 369.6075 	 1.2628 
180.6458 	 354.0129 	 1.3734 
180.6493 	 344.1809 	 1.1775 
180.6528 	 348.5622 	 1.3948 
180.6563 	 363.6815 	 1.5240 
180.6597 	 362.2961 	 1.2876 
180.6632 	 347.5768 	 1.1775 
180.6667 	 347.5107 	 1.2232 
180.6701 	 358.3106 	 1.2969 
180.6736 	 362.5855 	 1.5171 
180.6771 	 338.6007 	 1.4505 
180.6806 	 324.9145 	 1.0470 
180.6840 	 320.4778 	 1.4164 
180.6875 	 322.7992 	 1.0684 
180.6910 	 323.0375 	 1.5017 
180.6944 	 324.7210 	 1.2446 
180.6979 	 318.2082 	 1.1433 
180.7014 	 316.6309 	 1.1803 
180.7049 	 310.9044 	 1.3823 
180.7083 	 293.8197 	 1.0515 
180.7118 	 288.2765 	 1.2969 
180.7153 	 289.8069 	 1.3948 
180.7188 	 280.2218 	 1.3823 
180.7222 	 271.6953 	 1.2876 
180.7257 	 272.6963 	 1.1775 
180.7292 	 255.6197 	 1.2179 
180.7326 	 268.2935 	 1.2969 
180.7361 	 262.4573 	 1.4744 
180.7396 	 256.0580 	 0.9898 
180.7431 	 246.8803 	 1.1752 
180.7465 	 240.8874 	 1.3652 
180.7500 	 252.5966 	 1.4592 
180.7535 	 263.6860 	 1.2457 
180.7569 	 262.0601 	 1.3734 
180.7604 	 267.6963 	 1.2287 
180.7639 	 264.6352 	 1.4163 
180.7674 	 254.1809 	 1.1775 
180.7708 	 260.8584 	 1.2876 
180.7743 	 262.6109 	 1.3993 
180.7778 	 261.0129 	 1.2069 
180.7813 	 260.2901 	 1.0580 
180.7847 	 268.0342 	 1.3889 
180.7882 	 297.4573 	 1.5529 
180.7917 	 300.9615 	 1.2821 
180.7951 	 277.4061 	 1.5017 
180.7986 	 274.4444 	 0.9829 
180.8021 	 273.8055 	 1.0580 
180.8056 	 276.2876 	 0.9442 
180.8090 	 269.6758 	 0.9215 
180.8125 	 270.3648 	 1.0300 
180.8160 	 268.9420 	 1.2969 
180.8194 	 274.5923 	 1.3734 
180.8229 	 263.8908 	 1.3652 
180.8264 	 283.0258 	 1.3734 
180.8299 	 279.2662 	 1.1433 
180.8333 	 281.1373 	 1.1588 
180.8368 	 278.7884 	 1.2799 
180.8403 	 276.8162 	 1.2179 
180.8438 	 271.0751 	 1.2457 
180.8472 	 286.2821 	 1.2393 
180.8507 	 292.6963 	 1.2287 
180.8542 	 291.8162 	 1.3248 
180.8576 	 288.8737 	 1.4334 
180.8611 	 276.4163 	 1.4163 
180.8646 	 279.9317 	 1.2116 
180.8681 	 275.9871 	 1.0730 
180.8715 	 280.4437 	 1.5529 
180.8750 	 279.9142 	 1.2446 
180.8785 	 285.5290 	 1.3481 
180.8819 	 277.5537 	 1.2661 
180.8854 	 285.5120 	 1.2457 
180.8889 	 291.2446 	 1.4163 
180.8924 	 290.0171 	 1.4505 
180.8958 	 287.7350 	 1.2179 
180.8993 	 281.3652 	 1.1092 
180.9028 	 288.6695 	 1.4163 
180.9063 	 286.7747 	 1.1092 
180.9097 	 288.7393 	 1.6026 
180.9132 	 283.3618 	 1.0580 
180.9167 	 289.2704 	 1.2876 
180.9201 	 288.2935 	 1.2116 
180.9236 	 293.4120 	 1.1803 
180.9271 	 284.4880 	 1.3311 
180.9306 	 305.5794 	 1.4592 
180.9340 	 317.0307 	 1.1945 
180.9375 	 317.3605 	 1.5021 
180.9410 	 314.4198 	 1.3823 
180.9444 	 315.1931 	 1.3519 
180.9479 	 313.6348 	 1.0751 
180.9514 	 313.4615 	 1.3034 
180.9549 	 313.4812 	 1.0922 
180.9583 	 318.4188 	 1.1966 
180.9618 	 322.2014 	 1.1433 
180.9653 	 331.4103 	 1.0043 
180.9688 	 340.4266 	 1.3993 
180.9722 	 328.9914 	 1.5451 
180.9757 	 340.0683 	 1.1945 
180.9792 	 345.4936 	 1.3519 
180.9826 	 334.6928 	 0.9556 
180.9861 	 346.9957 	 1.2876 
180.9896 	 349.4027 	 1.4164 
180.9931 	 341.5665 	 1.1803 
180.9965 	 325.1365 	 1.3823 
181.0000 	 306.2069 	 1.2069 
