Time-Day of Year 	 Electron flux 	 Proton flux 	 (Flux in the units of counts/sq cm.sec.sr) 
227.0035 	 12.3208 	 0.9727 
227.0069 	 12.7897 	 1.1803 
227.0104 	 11.4846 	 1.0580 
227.0139 	 10.4292 	 0.9871 
227.0174 	 12.6280 	 1.1092 
227.0208 	 13.8841 	 0.9657 
227.0243 	 13.4300 	 0.8874 
227.0278 	 13.7768 	 0.9871 
227.0313 	 14.5904 	 1.1945 
227.0347 	 12.4464 	 0.9227 
227.0382 	 12.4744 	 1.0580 
227.0417 	 13.1624 	 1.0684 
227.0451 	 13.3447 	 1.1945 
227.0486 	 12.9915 	 1.1538 
227.0521 	 12.5597 	 0.8703 
227.0556 	 13.1197 	 1.1325 
227.0590 	 14.5719 	 1.1644 
227.0625 	 12.4034 	 0.9657 
227.0660 	 13.0034 	 0.8020 
227.0694 	 13.4335 	 1.1373 
227.0729 	 13.8396 	 1.1945 
227.0764 	 14.8927 	 1.0944 
227.0799 	 14.6246 	 0.8874 
227.0833 	 13.9485 	 0.8798 
227.0868 	 13.7372 	 0.8020 
227.0903 	 13.2189 	 0.9013 
227.0938 	 12.7816 	 0.9556 
227.0972 	 13.1624 	 0.8120 
227.1007 	 12.4744 	 0.7509 
227.1042 	 11.7735 	 0.7265 
227.1076 	 12.6109 	 0.9215 
227.1111 	 13.6752 	 0.8333 
227.1146 	 12.6280 	 0.7509 
227.1181 	 14.7436 	 1.0684 
227.1215 	 14.0956 	 0.6997 
227.1250 	 13.0901 	 0.8369 
227.1285 	 13.8737 	 0.8532 
227.1319 	 14.5494 	 0.8369 
227.1354 	 12.8328 	 0.9386 
227.1389 	 13.4549 	 0.7940 
227.1424 	 13.1911 	 0.9386 
227.1458 	 11.9742 	 1.0515 
227.1493 	 13.3788 	 0.9386 
227.1528 	 12.3077 	 0.8761 
227.1563 	 14.2662 	 0.8020 
227.1597 	 14.0385 	 0.9188 
227.1632 	 15.5973 	 1.0751 
227.1667 	 16.2393 	 1.0684 
227.1701 	 14.8464 	 0.8362 
227.1736 	 14.6581 	 0.6410 
227.1771 	 15.5802 	 0.8362 
227.1806 	 17.0043 	 0.8836 
227.1840 	 16.3311 	 0.8362 
227.1875 	 16.2876 	 0.8369 
227.1910 	 18.5666 	 0.8532 
227.1944 	 19.2275 	 0.8369 
227.1979 	 19.2150 	 1.0922 
227.2014 	 20.1073 	 0.9871 
227.2049 	 20.2901 	 0.8532 
227.2083 	 19.8077 	 0.6197 
227.2118 	 22.7133 	 0.9556 
227.2153 	 20.4701 	 0.6410 
227.2188 	 24.2833 	 1.1092 
227.2222 	 20.4915 	 0.7051 
227.2257 	 21.1092 	 1.0068 
227.2292 	 22.4573 	 0.7692 
227.2326 	 22.6109 	 0.8703 
227.2361 	 23.0687 	 1.0300 
227.2396 	 22.7304 	 0.6655 
227.2431 	 19.4421 	 0.6438 
227.2465 	 23.1229 	 0.9727 
227.2500 	 22.0386 	 1.0086 
227.2535 	 19.7270 	 0.9727 
227.2569 	 18.3691 	 0.8369 
227.2604 	 20.6314 	 0.9556 
227.2639 	 19.6137 	 0.8798 
227.2674 	 20.7167 	 0.9556 
227.2708 	 22.1368 	 0.9402 
227.2743 	 19.3345 	 0.7167 
227.2778 	 17.6709 	 0.7051 
227.2813 	 16.7065 	 0.8020 
227.2847 	 16.1966 	 0.8547 
227.2882 	 18.0717 	 0.8362 
227.2917 	 17.2747 	 1.0086 
227.2951 	 16.4334 	 0.9044 
227.2986 	 17.4678 	 0.7296 
227.3021 	 17.2945 	 0.9418 
227.3056 	 17.3391 	 0.6438 
227.3090 	 17.2696 	 0.8703 
227.3125 	 16.2232 	 0.8798 
227.3160 	 14.8464 	 0.9215 
227.3194 	 15.4936 	 1.0515 
227.3229 	 15.7850 	 0.6143 
227.3264 	 16.1966 	 0.6410 
227.3299 	 14.0102 	 0.8362 
227.3333 	 10.2778 	 1.0470 
227.3368 	 10.6997 	 0.6485 
227.3403 	 10.4060 	 0.8547 
227.3438 	 11.8601 	 0.7509 
227.3472 	 9.6781 	 0.6867 
227.3507 	 10.3242 	 0.8362 
227.3542 	 8.6052 	 0.7511 
227.3576 	 8.8396 	 0.6826 
227.3611 	 8.3691 	 0.6652 
227.3646 	 8.0034 	 0.5973 
227.3681 	 7.7468 	 0.9227 
227.3715 	 7.7986 	 0.7338 
227.3750 	 7.8541 	 0.7940 
227.3785 	 7.4573 	 0.6655 
227.3819 	 7.1368 	 0.6410 
227.3854 	 6.9795 	 0.5631 
227.3889 	 6.6026 	 0.7479 
227.3924 	 7.9522 	 0.5973 
227.3958 	 8.7607 	 0.8333 
227.3993 	 6.4676 	 0.8020 
227.4028 	 5.6867 	 0.5150 
227.4063 	 5.0000 	 0.5461 
227.4097 	 5.2790 	 0.6009 
227.4132 	 6.1604 	 0.9556 
227.4167 	 6.2232 	 0.7725 
227.4201 	 6.5529 	 1.0751 
227.4236 	 6.1207 	 0.7974 
227.4271 	 6.0068 	 0.6143 
227.4306 	 6.0086 	 0.7725 
227.4340 	 4.5734 	 0.7167 
227.4375 	 5.8547 	 0.8974 
227.4410 	 6.0751 	 0.8362 
227.4444 	 6.0684 	 0.7692 
227.4479 	 6.1433 	 0.9044 
227.4514 	 5.0214 	 0.7051 
227.4549 	 4.5222 	 0.4608 
227.4583 	 5.1073 	 0.6223 
227.4618 	 4.5051 	 0.6485 
227.4653 	 4.6352 	 0.7082 
227.4688 	 7.0137 	 0.8191 
227.4722 	 9.5494 	 0.8798 
227.4757 	 12.0990 	 1.0751 
227.4792 	 15.6223 	 1.0300 
227.4826 	 13.8396 	 1.0751 
227.4861 	 10.9871 	 1.1373 
227.4896 	 11.5188 	 0.9727 
227.4931 	 12.1581 	 1.0684 
227.4965 	 10.0853 	 0.9727 
227.5000 	 9.4017 	 1.1966 
227.5035 	 6.4676 	 0.8020 
227.5069 	 5.8333 	 0.8120 
227.5104 	 7.4915 	 0.8191 
227.5139 	 7.9614 	 0.9013 
227.5174 	 12.1843 	 0.9556 
227.5208 	 14.1416 	 1.2017 
227.5243 	 12.6109 	 1.0410 
227.5278 	 16.8455 	 1.2446 
227.5313 	 20.0683 	 1.3140 
227.5347 	 20.6223 	 1.5665 
227.5382 	 21.5529 	 1.3823 
227.5417 	 23.6695 	 1.6524 
227.5451 	 20.9075 	 1.3870 
227.5486 	 14.8077 	 1.1325 
227.5521 	 9.5222 	 0.9215 
227.5556 	 7.9487 	 0.8333 
227.5590 	 10.2901 	 1.0922 
227.5625 	 10.6197 	 0.9188 
227.5660 	 7.4232 	 0.9898 
227.5694 	 9.3991 	 0.7725 
227.5729 	 8.6689 	 0.8532 
227.5764 	 6.9957 	 0.9657 
227.5799 	 7.6280 	 0.9044 
227.5833 	 5.5150 	 0.8798 
227.5868 	 4.8976 	 1.0068 
227.5903 	 4.8712 	 0.7296 
227.5938 	 3.8225 	 0.8703 
227.5972 	 3.8841 	 0.9227 
227.6007 	 3.4642 	 0.7679 
227.6042 	 3.5684 	 0.6838 
227.6076 	 4.1809 	 0.6655 
227.6111 	 4.5726 	 0.5769 
227.6146 	 5.1536 	 0.7338 
227.6181 	 5.6838 	 0.6838 
227.6215 	 6.6212 	 0.8362 
227.6250 	 5.1709 	 0.5769 
227.6285 	 4.7440 	 0.6143 
227.6319 	 3.5622 	 0.6438 
227.6354 	 5.2389 	 0.6997 
227.6389 	 4.3133 	 0.6009 
227.6424 	 4.3857 	 0.9044 
227.6458 	 4.8927 	 0.6438 
227.6493 	 4.3515 	 0.5802 
227.6528 	 3.8841 	 0.5150 
227.6563 	 4.2491 	 0.7167 
227.6597 	 4.4872 	 0.6838 
227.6632 	 4.7440 	 0.7338 
227.6667 	 4.0598 	 0.7692 
227.6701 	 4.1438 	 0.7705 
227.6736 	 5.7906 	 0.7692 
227.6771 	 6.3311 	 0.6997 
227.6806 	 7.5427 	 0.8333 
227.6840 	 6.6724 	 0.8362 
227.6875 	 6.9528 	 0.9871 
227.6910 	 6.7065 	 0.7679 
227.6944 	 6.0300 	 0.7940 
227.6979 	 5.4266 	 0.8191 
227.7014 	 361.2876 	 704.0558 
227.7049 	 6.4846 	 0.8191 
227.7083 	 5.1931 	 0.8155 
227.7118 	 4.6246 	 0.4778 
227.7153 	 4.7222 	 0.7479 
227.7188 	 6.5529 	 0.7167 
227.7222 	 5.9615 	 0.6838 
227.7257 	 7.6621 	 0.8191 
227.7292 	 10.0214 	 0.8547 
227.7326 	 10.0683 	 0.8703 
227.7361 	 9.7436 	 0.8974 
227.7396 	 12.3379 	 1.0751 
227.7431 	 13.4979 	 1.1588 
227.7465 	 13.1741 	 1.0922 
227.7500 	 11.5451 	 0.8584 
227.7535 	 9.7099 	 0.8362 
227.7569 	 9.9356 	 0.9657 
227.7604 	 14.8805 	 1.1775 
227.7639 	 16.0515 	 0.9871 
227.7674 	 18.8567 	 1.1775 
227.7708 	 20.6197 	 1.1111 
227.7743 	 20.4949 	 0.9044 
227.7778 	 17.0513 	 1.0470 
227.7813 	 19.3003 	 1.3652 
227.7847 	 21.0470 	 1.1538 
227.7882 	 18.8908 	 1.2457 
227.7917 	 15.2790 	 1.2232 
227.7951 	 10.7338 	 1.0410 
227.7986 	 10.3004 	 1.0300 
227.8021 	 8.9249 	 0.8532 
227.8056 	 8.8412 	 0.6867 
227.8090 	 8.6007 	 0.9556 
227.8125 	 9.7639 	 0.8155 
227.8160 	 9.2150 	 1.1433 
227.8194 	 7.6180 	 1.0086 
227.8229 	 8.0717 	 0.9386 
227.8264 	 8.5897 	 0.9615 
227.8299 	 7.5085 	 1.0410 
227.8333 	 8.8462 	 1.0684 
227.8368 	 8.3447 	 0.7679 
227.8403 	 8.3333 	 0.6197 
227.8438 	 8.9590 	 0.8191 
227.8472 	 7.6496 	 0.7692 
227.8507 	 7.4744 	 0.6997 
227.8542 	 6.6738 	 0.6223 
227.8576 	 6.7235 	 0.8191 
227.8611 	 7.4893 	 0.7725 
227.8646 	 7.1331 	 0.7850 
227.8681 	 7.2961 	 0.8798 
227.8715 	 7.5939 	 0.8362 
227.8750 	 5.3863 	 0.5150 
227.8785 	 3.8225 	 0.7338 
227.8819 	 5.3632 	 0.7479 
227.8854 	 5.8874 	 0.8191 
227.8889 	 6.2607 	 0.7265 
227.8924 	 5.8362 	 0.6997 
227.8958 	 6.0043 	 0.7051 
227.8993 	 8.9932 	 0.6997 
227.9028 	 9.4872 	 0.9829 
227.9063 	 8.8225 	 0.9727 
227.9097 	 8.2833 	 0.9227 
227.9132 	 6.7123 	 0.8733 
227.9167 	 11.2446 	 1.0944 
227.9201 	 18.2594 	 1.1945 
227.9236 	 27.2318 	 1.1373 
227.9271 	 27.2696 	 1.2457 
227.9306 	 22.2318 	 1.0086 
227.9340 	 18.3447 	 1.3311 
227.9375 	 18.2906 	 1.0684 
227.9410 	 15.6826 	 1.0410 
227.9444 	 16.7521 	 1.1111 
227.9479 	 18.7884 	 1.2116 
227.9514 	 16.4530 	 0.8974 
227.9549 	 16.2116 	 0.9386 
227.9583 	 16.0043 	 1.0043 
227.9618 	 13.5495 	 0.9386 
227.9653 	 11.8670 	 1.1159 
227.9688 	 11.7235 	 1.0068 
227.9722 	 12.4678 	 0.9227 
227.9757 	 10.8191 	 0.8703 
227.9792 	 8.8627 	 0.8369 
227.9826 	 9.1468 	 0.7509 
227.9861 	 11.0086 	 0.9442 
227.9896 	 11.2287 	 0.8020 
227.9931 	 12.4573 	 0.8761 
227.9965 	 14.8805 	 1.0751 
228.0000 	 17.1459 	 1.0300 
