Time-Day of Year 	 Electron flux 	 Proton flux 	 (Flux in the units of counts/sq cm.sec.sr) 
112.0035 	 806.7065 	 1.8601 
112.0069 	 778.7393 	 1.7521 
112.0104 	 710.2560 	 1.7747 
112.0139 	 726.8162 	 1.7735 
112.0174 	 731.8259 	 1.7918 
112.0208 	 653.6325 	 1.7735 
112.0243 	 616.4676 	 1.6041 
112.0278 	 620.3648 	 1.5880 
112.0313 	 727.6109 	 1.7577 
112.0347 	 757.2747 	 1.7382 
112.0382 	 769.7611 	 1.7406 
112.0417 	 670.2146 	 1.3305 
112.0451 	 647.7304 	 1.4164 
112.0486 	 822.1245 	 1.7597 
112.0521 	 849.0273 	 1.6212 
112.0556 	 871.6738 	 1.3734 
112.0590 	 876.9795 	 1.7747 
112.0625 	 834.6154 	 1.7949 
112.0660 	 825.8021 	 1.6724 
112.0694 	 807.7350 	 1.6453 
112.0729 	 842.6109 	 1.7747 
112.0764 	 898.5897 	 1.6026 
112.0799 	 905.5119 	 1.7235 
112.0833 	 884.2888 	 1.6164 
112.0868 	 876.2628 	 1.3140 
112.0903 	 869.2060 	 1.7167 
112.0938 	 886.8089 	 1.4505 
112.0972 	 840.4721 	 1.8455 
112.1007 	 879.5393 	 1.9283 
112.1042 	 891.2446 	 1.8240 
112.1076 	 936.7747 	 2.0307 
112.1111 	 925.4292 	 1.5451 
112.1146 	 907.4744 	 1.6724 
112.1181 	 927.5214 	 1.5171 
112.1215 	 938.7201 	 1.4846 
112.1250 	 1021.1538 	 1.4316 
112.1285 	 1071.4676 	 1.9113 
112.1319 	 1007.6923 	 1.4957 
112.1354 	 1085.2560 	 1.5529 
112.1389 	 1125.3648 	 1.5236 
112.1424 	 1157.0137 	 1.4505 
112.1458 	 1191.8240 	 1.5021 
112.1493 	 1220.6485 	 1.9795 
112.1528 	 1142.6395 	 1.7167 
112.1563 	 1204.6416 	 1.6553 
112.1597 	 1276.8884 	 1.8670 
112.1632 	 1261.2116 	 1.6894 
112.1667 	 1320.7725 	 1.9742 
112.1701 	 1379.0956 	 1.9966 
112.1736 	 1405.4274 	 1.7521 
112.1771 	 1383.1911 	 1.6894 
112.1806 	 1391.6667 	 2.2222 
112.1840 	 1507.8669 	 2.2696 
112.1875 	 1511.4316 	 1.8803 
112.1910 	 1449.6246 	 1.8259 
112.1944 	 1392.1368 	 1.5812 
112.1979 	 1401.4846 	 1.8089 
112.2014 	 1378.1545 	 1.9742 
112.2049 	 1305.9418 	 1.9007 
112.2083 	 1324.5064 	 1.7811 
112.2118 	 1401.1945 	 1.8089 
112.2153 	 1386.9742 	 2.1674 
112.2188 	 1412.2867 	 1.8089 
112.2222 	 1405.4077 	 2.2103 
112.2257 	 1477.0648 	 2.2184 
112.2292 	 1547.7350 	 2.0299 
112.2326 	 1605.1536 	 2.0990 
112.2361 	 1595.3419 	 2.3504 
112.2396 	 1530.5119 	 1.6041 
112.2431 	 1574.7436 	 1.8803 
112.2465 	 1561.8771 	 1.6894 
112.2500 	 1573.8034 	 1.7094 
112.2535 	 1606.2969 	 1.9795 
112.2569 	 1728.7983 	 1.6524 
112.2604 	 1884.8464 	 1.7065 
112.2639 	 1660.2790 	 1.9957 
112.2674 	 1634.0956 	 1.5700 
112.2708 	 1661.8026 	 1.8240 
112.2743 	 1743.0546 	 1.8771 
112.2778 	 1829.2275 	 2.2103 
112.2813 	 1805.9556 	 1.7747 
112.2847 	 1711.0086 	 1.7811 
112.2882 	 1728.9590 	 2.0478 
112.2917 	 1711.0470 	 2.2436 
112.2951 	 1685.3925 	 1.9795 
112.2986 	 1668.6752 	 1.6239 
112.3021 	 1731.7235 	 1.8430 
112.3056 	 1656.1966 	 1.4957 
112.3090 	 1620.9727 	 1.6212 
112.3125 	 1564.8498 	 1.7382 
112.3160 	 1606.8259 	 1.9625 
112.3194 	 1591.2661 	 1.5236 
112.3229 	 1618.7372 	 1.7065 
112.3264 	 1650.5603 	 1.7457 
112.3299 	 1591.2457 	 1.9283 
112.3333 	 1628.0687 	 1.9957 
112.3368 	 1677.1331 	 1.6724 
112.3403 	 1572.0172 	 1.4592 
112.3438 	 1607.4232 	 2.3720 
112.3472 	 1608.1197 	 1.7521 
112.3507 	 1609.9488 	 1.9454 
112.3542 	 1573.1197 	 1.3675 
112.3576 	 1687.5085 	 1.7747 
112.3611 	 1716.1325 	 1.9017 
112.3646 	 1817.2526 	 1.6553 
112.3681 	 1787.1245 	 1.6738 
112.3715 	 1808.6348 	 1.7918 
112.3750 	 1782.6609 	 1.7382 
112.3785 	 1761.3481 	 1.7747 
112.3819 	 1734.5708 	 1.9528 
112.3854 	 1793.0205 	 1.7577 
112.3889 	 1875.1502 	 2.0172 
112.3924 	 1745.5119 	 1.8259 
112.3958 	 1610.3219 	 1.5021 
112.3993 	 1585.0683 	 1.7747 
112.4028 	 1538.1197 	 1.6880 
112.4063 	 1589.6587 	 1.6382 
112.4097 	 1535.5556 	 1.8590 
112.4132 	 1498.5495 	 1.8430 
112.4167 	 1549.0598 	 1.7094 
112.4201 	 1614.2662 	 1.7577 
112.4236 	 1589.5279 	 1.7167 
112.4271 	 1523.5666 	 1.8259 
112.4306 	 1496.9957 	 1.7811 
112.4340 	 1499.0956 	 1.6041 
112.4375 	 1519.7854 	 1.7597 
112.4410 	 1518.5154 	 1.9113 
112.4444 	 1415.1717 	 1.6309 
112.4479 	 1354.6233 	 1.9007 
112.4514 	 1362.4678 	 2.2532 
112.4549 	 1353.3447 	 1.7406 
112.4583 	 1373.5684 	 1.9444 
112.4618 	 1352.3720 	 2.2526 
112.4653 	 1300.8547 	 2.0085 
112.4688 	 1272.5256 	 1.6041 
112.4722 	 1276.7521 	 1.7521 
112.4757 	 1296.8942 	 1.8089 
112.4792 	 1316.4807 	 1.7167 
112.4826 	 1329.0102 	 2.2014 
112.4861 	 1349.7639 	 2.0601 
112.4896 	 1347.6792 	 1.5017 
112.4931 	 1310.9442 	 1.7597 
112.4965 	 1367.7304 	 1.6553 
112.5000 	 1361.0944 	 2.1459 
112.5035 	 1316.5358 	 1.7918 
112.5069 	 1397.5751 	 1.5880 
112.5104 	 1385.2730 	 1.6212 
112.5139 	 1438.3761 	 1.7735 
112.5174 	 1390.2560 	 1.6553 
112.5208 	 1374.4444 	 2.0726 
112.5243 	 1334.2321 	 1.6212 
112.5278 	 1361.8590 	 1.6026 
112.5313 	 1305.5631 	 1.9795 
112.5347 	 1286.7597 	 1.9099 
112.5382 	 1293.8225 	 1.6212 
112.5417 	 1276.4378 	 1.5880 
112.5451 	 1207.5427 	 1.7747 
112.5486 	 1211.6953 	 2.0601 
112.5521 	 1278.4471 	 1.5358 
112.5556 	 1244.2060 	 1.7167 
112.5590 	 1247.2526 	 2.0307 
112.5625 	 1296.2661 	 1.5880 
112.5660 	 1305.8362 	 2.0648 
112.5694 	 1212.4893 	 1.6738 
112.5729 	 1156.6212 	 1.9113 
112.5764 	 1121.7094 	 1.5812 
112.5799 	 1100.2901 	 1.8259 
112.5833 	 1091.5598 	 2.0726 
112.5868 	 1083.2082 	 1.6212 
112.5903 	 1097.7253 	 1.9957 
112.5938 	 1105.9727 	 1.7747 
112.5972 	 1070.5579 	 2.0601 
112.6007 	 1058.1058 	 1.6724 
112.6042 	 1041.6524 	 1.7597 
112.6076 	 1029.5904 	 2.0307 
112.6111 	 1008.6481 	 1.6953 
112.6146 	 953.5154 	 1.9966 
112.6181 	 951.7597 	 2.0601 
112.6215 	 931.7918 	 1.8259 
112.6250 	 917.5641 	 1.7521 
112.6285 	 897.2014 	 1.8259 
112.6319 	 871.6667 	 1.9444 
112.6354 	 865.4437 	 1.4846 
112.6389 	 863.6325 	 1.9231 
112.6424 	 862.0819 	 1.6382 
112.6458 	 849.6352 	 1.4378 
112.6493 	 819.0785 	 1.5188 
112.6528 	 758.0687 	 1.5880 
112.6563 	 743.7201 	 1.6724 
112.6597 	 701.1588 	 1.6309 
112.6632 	 715.4437 	 1.8601 
112.6667 	 720.4936 	 1.4807 
112.6701 	 725.1536 	 1.5700 
112.6736 	 718.2833 	 1.3948 
112.6771 	 698.7543 	 1.7065 
112.6806 	 696.6239 	 1.6026 
112.6840 	 684.0956 	 1.4676 
112.6875 	 683.6752 	 1.1752 
112.6910 	 699.5904 	 1.7065 
112.6944 	 666.3949 	 1.4163 
112.6979 	 635.9727 	 1.5870 
112.7014 	 627.8326 	 1.4807 
112.7049 	 617.6792 	 1.4334 
112.7083 	 574.9571 	 1.4378 
112.7118 	 571.7065 	 1.5529 
112.7153 	 543.8412 	 1.5880 
112.7188 	 532.7133 	 1.4676 
112.7222 	 500.6009 	 1.3948 
112.7257 	 475.9044 	 1.4334 
112.7292 	 446.8884 	 1.5021 
112.7326 	 455.4096 	 1.2969 
112.7361 	 414.1667 	 1.3248 
112.7396 	 372.7816 	 1.4505 
112.7431 	 424.0598 	 1.5385 
112.7465 	 378.9590 	 1.1433 
112.7500 	 388.4188 	 2.0085 
112.7535 	 375.7338 	 1.4846 
112.7569 	 355.9657 	 1.6524 
112.7604 	 347.8669 	 1.7747 
112.7639 	 325.7081 	 1.2017 
112.7674 	 316.5700 	 1.4846 
112.7708 	 341.8669 	 1.2661 
112.7743 	 332.9010 	 1.4164 
112.7778 	 335.7725 	 1.5236 
112.7813 	 351.6894 	 1.5188 
112.7847 	 333.6910 	 1.2017 
112.7882 	 346.1775 	 1.5700 
112.7917 	 327.8846 	 1.2393 
112.7951 	 345.2218 	 1.2628 
112.7986 	 321.1966 	 1.4530 
112.8021 	 334.4027 	 1.4846 
112.8056 	 303.1838 	 1.1966 
112.8090 	 307.6451 	 1.2799 
112.8125 	 274.0343 	 1.2017 
112.8160 	 266.0274 	 1.4041 
112.8194 	 255.7940 	 1.4378 
112.8229 	 260.3413 	 1.5017 
112.8264 	 252.4893 	 1.2876 
112.8299 	 255.2218 	 1.5188 
112.8333 	 268.9914 	 1.3948 
112.8368 	 271.2457 	 1.4505 
112.8403 	 278.5193 	 1.7811 
112.8438 	 268.3106 	 1.4164 
112.8472 	 253.1624 	 1.1325 
112.8507 	 231.8601 	 1.4505 
112.8542 	 219.2308 	 1.1752 
112.8576 	 214.9488 	 1.2287 
112.8611 	 216.5598 	 1.1752 
112.8646 	 194.4198 	 1.1092 
112.8681 	 183.9056 	 1.4807 
112.8715 	 161.3993 	 1.3311 
112.8750 	 190.9228 	 1.5021 
112.8785 	 198.4983 	 1.2969 
112.8819 	 215.7940 	 1.2661 
112.8854 	 188.3447 	 1.0922 
112.8889 	 175.2790 	 1.3305 
112.8924 	 191.9625 	 1.1263 
112.8958 	 215.3648 	 1.1803 
112.8993 	 211.8089 	 1.0751 
112.9028 	 209.1667 	 1.2179 
112.9063 	 200.1024 	 1.1604 
112.9097 	 200.2137 	 1.2607 
112.9132 	 224.4198 	 1.2628 
112.9167 	 248.7821 	 1.3248 
112.9201 	 244.7782 	 1.3481 
112.9236 	 268.0687 	 1.4378 
112.9271 	 292.4915 	 1.1775 
112.9306 	 324.8498 	 1.3948 
112.9340 	 318.6130 	 1.0274 
112.9375 	 320.8798 	 1.5236 
112.9410 	 316.7918 	 1.7065 
112.9444 	 337.2532 	 1.5665 
112.9479 	 331.3481 	 1.5188 
112.9514 	 331.4163 	 1.3305 
112.9549 	 351.2457 	 1.4505 
112.9583 	 342.8632 	 1.4530 
112.9618 	 396.3993 	 1.0751 
112.9653 	 399.5086 	 1.4744 
112.9688 	 390.4949 	 1.5017 
112.9722 	 370.6410 	 1.3248 
112.9757 	 394.5563 	 1.4505 
112.9792 	 394.0987 	 1.5665 
112.9826 	 352.9864 	 1.2457 
112.9861 	 312.3605 	 1.5021 
112.9896 	 312.0648 	 1.4505 
112.9931 	 293.3476 	 1.4592 
112.9965 	 283.5324 	 1.3823 
113.0000 	 280.7112 	 1.2716 
