Time-Day of Year 	 Electron flux 	 Proton flux 	 (Flux in the units of counts/sq cm.sec.sr) 
268.0035 	 26.6595 	 0.7112 
268.0069 	 40.2560 	 0.6485 
268.0104 	 53.7821 	 0.7906 
268.0139 	 57.8157 	 0.5973 
268.0174 	 74.3991 	 0.9227 
268.0208 	 68.9249 	 0.6485 
268.0243 	 71.2446 	 0.7725 
268.0278 	 81.2287 	 0.9727 
268.0313 	 82.0601 	 0.8369 
268.0347 	 76.7065 	 0.8362 
268.0382 	 77.6824 	 0.7940 
268.0417 	 74.4710 	 0.9556 
268.0451 	 67.0601 	 0.7940 
268.0486 	 81.5188 	 0.8362 
268.0521 	 77.1154 	 0.8974 
268.0556 	 75.0683 	 0.9215 
268.0590 	 73.0983 	 0.7051 
268.0625 	 70.8020 	 0.6826 
268.0660 	 74.7436 	 0.7692 
268.0694 	 72.6451 	 0.7850 
268.0729 	 71.6738 	 0.9442 
268.0764 	 69.7099 	 0.8191 
268.0799 	 59.8069 	 0.6009 
268.0833 	 63.2765 	 0.7167 
268.0868 	 71.8670 	 0.7511 
268.0903 	 79.1297 	 0.7850 
268.0938 	 80.4292 	 1.0086 
268.0972 	 85.2901 	 1.1433 
268.1007 	 83.7124 	 0.8369 
268.1042 	 85.9215 	 1.0751 
268.1076 	 96.2607 	 0.8120 
268.1111 	 118.3618 	 0.9556 
268.1146 	 130.7265 	 1.0684 
268.1181 	 129.7782 	 0.9044 
268.1215 	 121.8590 	 0.7692 
268.1250 	 128.8567 	 0.9386 
268.1285 	 120.3664 	 0.9914 
268.1319 	 131.1433 	 0.8874 
268.1354 	 130.8584 	 0.8155 
268.1389 	 129.9147 	 0.9215 
268.1424 	 121.6524 	 0.7296 
268.1458 	 128.8055 	 1.0410 
268.1493 	 129.0558 	 0.8155 
268.1528 	 137.2696 	 0.8703 
268.1563 	 140.0000 	 0.7296 
268.1597 	 141.7747 	 1.0580 
268.1632 	 140.1709 	 0.8120 
268.1667 	 148.8908 	 0.7679 
268.1701 	 159.4017 	 0.9829 
268.1736 	 162.7816 	 0.8020 
268.1771 	 172.5427 	 0.7051 
268.1806 	 180.0000 	 0.7167 
268.1840 	 186.2446 	 0.9657 
268.1875 	 177.4744 	 1.1775 
268.1910 	 166.3734 	 0.8798 
268.1944 	 147.8157 	 0.8874 
268.1979 	 143.6052 	 0.7296 
268.2014 	 135.7509 	 0.6655 
268.2049 	 141.9099 	 0.9013 
268.2083 	 133.9932 	 0.8191 
268.2118 	 139.7854 	 0.7082 
268.2153 	 143.6178 	 1.0410 
268.2188 	 152.1368 	 1.0043 
268.2222 	 135.1024 	 1.0068 
268.2257 	 124.7436 	 0.8547 
268.2292 	 116.5529 	 0.9215 
268.2326 	 141.5812 	 0.8761 
268.2361 	 119.3003 	 0.9898 
268.2396 	 132.4034 	 1.0086 
268.2431 	 140.9044 	 0.8874 
268.2465 	 123.6695 	 0.9013 
268.2500 	 121.7577 	 0.9898 
268.2535 	 109.5923 	 0.7725 
268.2569 	 106.2500 	 0.6164 
268.2604 	 98.4764 	 0.9871 
268.2639 	 90.6143 	 0.7509 
268.2674 	 95.2361 	 0.8584 
268.2708 	 89.6758 	 0.8874 
268.2743 	 97.3504 	 1.0256 
268.2778 	 92.3891 	 0.5802 
268.2813 	 94.1667 	 0.7906 
268.2847 	 97.8328 	 0.8703 
268.2882 	 99.2735 	 0.7265 
268.2917 	 91.8601 	 0.9386 
268.2951 	 89.6137 	 0.8155 
268.2986 	 94.8123 	 0.8703 
268.3021 	 92.6395 	 0.9227 
268.3056 	 93.1058 	 1.1433 
268.3090 	 87.1674 	 0.9442 
268.3125 	 91.0922 	 0.9556 
268.3160 	 87.2318 	 0.8798 
268.3194 	 81.0068 	 1.0922 
268.3229 	 81.7597 	 0.8155 
268.3264 	 72.2355 	 0.8362 
268.3299 	 69.3590 	 0.9615 
268.3333 	 77.3038 	 0.9727 
268.3368 	 69.5726 	 0.8333 
268.3403 	 67.0819 	 0.8362 
268.3438 	 64.2735 	 0.9615 
268.3472 	 60.5973 	 0.8703 
268.3507 	 63.9485 	 0.8369 
268.3542 	 62.8669 	 1.0751 
268.3576 	 58.9485 	 0.9871 
268.3611 	 57.1160 	 0.7509 
268.3646 	 55.6009 	 0.7725 
268.3681 	 50.2389 	 0.8020 
268.3715 	 40.5579 	 0.7082 
268.3750 	 37.9181 	 0.8532 
268.3785 	 37.8755 	 0.8584 
268.3819 	 41.0239 	 0.9044 
268.3854 	 40.3433 	 0.7725 
268.3889 	 37.8840 	 0.7509 
268.3924 	 36.4103 	 0.6838 
268.3958 	 36.2628 	 0.7679 
268.3993 	 39.6795 	 0.8974 
268.4028 	 43.4471 	 0.9556 
268.4063 	 38.4335 	 0.9013 
268.4097 	 39.7611 	 1.0239 
268.4132 	 37.3391 	 0.9657 
268.4167 	 40.8703 	 0.9386 
268.4201 	 44.3562 	 0.9442 
268.4236 	 37.5085 	 1.0239 
268.4271 	 42.5751 	 0.9227 
268.4306 	 43.7201 	 0.8020 
268.4340 	 37.0601 	 0.6867 
268.4375 	 38.4983 	 0.7850 
268.4410 	 38.6752 	 1.0470 
268.4444 	 35.3242 	 0.6655 
268.4479 	 31.7308 	 0.9829 
268.4514 	 34.2491 	 0.9556 
268.4549 	 32.9487 	 1.0470 
268.4583 	 33.4130 	 0.8362 
268.4618 	 29.4421 	 0.7940 
268.4653 	 30.2389 	 0.6826 
268.4688 	 29.9785 	 0.8369 
268.4722 	 25.6314 	 1.0922 
268.4757 	 26.2446 	 0.8369 
268.4792 	 24.5051 	 0.9556 
268.4826 	 25.7511 	 1.0086 
268.4861 	 29.4539 	 1.0239 
268.4896 	 25.5150 	 1.1373 
268.4931 	 23.5666 	 1.0580 
268.4965 	 22.1795 	 0.9615 
268.5000 	 23.3106 	 0.9386 
268.5035 	 21.6880 	 0.7051 
268.5069 	 22.1843 	 0.8191 
268.5104 	 21.6239 	 0.6838 
268.5139 	 22.1918 	 0.9760 
268.5174 	 20.4292 	 1.1803 
268.5208 	 19.9488 	 0.9044 
268.5243 	 19.6781 	 0.7511 
268.5278 	 19.3345 	 0.9386 
268.5313 	 18.3047 	 1.0300 
268.5347 	 17.3549 	 0.9727 
268.5382 	 19.1416 	 0.8798 
268.5417 	 20.4778 	 0.9556 
268.5451 	 18.6481 	 0.7082 
268.5486 	 15.8703 	 0.8191 
268.5521 	 16.3034 	 0.7265 
268.5556 	 16.2287 	 0.7679 
268.5590 	 16.6026 	 0.8333 
268.5625 	 15.1536 	 0.8874 
268.5660 	 15.1496 	 0.5983 
268.5694 	 15.4266 	 0.7338 
268.5729 	 13.5193 	 0.6438 
268.5764 	 13.4471 	 0.7679 
268.5799 	 13.2833 	 0.5794 
268.5833 	 13.1399 	 0.8362 
268.5868 	 12.1030 	 0.5794 
268.5903 	 11.3481 	 0.7679 
268.5938 	 10.4936 	 0.5794 
268.5972 	 10.6485 	 0.8532 
268.6007 	 10.6438 	 0.7511 
268.6042 	 9.8635 	 0.5802 
268.6076 	 10.3632 	 0.7479 
268.6111 	 9.4027 	 0.8191 
268.6146 	 9.5085 	 0.5556 
268.6181 	 10.6314 	 0.6314 
268.6215 	 10.0427 	 0.7479 
268.6250 	 9.5392 	 0.6997 
268.6285 	 9.0558 	 0.7082 
268.6319 	 9.5734 	 0.7338 
268.6354 	 9.9785 	 0.7511 
268.6389 	 8.6815 	 0.8048 
268.6424 	 9.4206 	 0.8584 
268.6458 	 8.4983 	 0.7509 
268.6493 	 8.7339 	 0.7511 
268.6528 	 8.6519 	 0.7850 
268.6563 	 9.8498 	 0.8369 
268.6597 	 8.2253 	 0.7338 
268.6632 	 7.7991 	 0.9829 
268.6667 	 8.6519 	 0.7167 
268.6701 	 8.3761 	 0.8333 
268.6736 	 8.6860 	 0.7850 
268.6771 	 8.7607 	 0.9402 
268.6806 	 8.2765 	 0.8532 
268.6840 	 8.5193 	 0.9227 
268.6875 	 7.4744 	 0.7338 
268.6910 	 7.1245 	 0.6652 
268.6944 	 6.8089 	 0.8191 
268.6979 	 7.1888 	 0.6223 
268.7014 	 7.2867 	 0.7679 
268.7049 	 6.9742 	 0.8584 
268.7083 	 7.8840 	 0.6826 
268.7118 	 8.4829 	 0.7265 
268.7153 	 7.5597 	 0.4949 
268.7188 	 9.5726 	 0.7479 
268.7222 	 8.4471 	 0.7167 
268.7257 	 8.4188 	 0.7692 
268.7292 	 8.3959 	 0.7167 
268.7326 	 8.0769 	 0.6624 
268.7361 	 8.6177 	 0.7338 
268.7396 	 8.7768 	 0.6438 
268.7431 	 8.5495 	 0.6826 
268.7465 	 9.2489 	 0.6009 
268.7500 	 9.2150 	 0.7167 
268.7535 	 8.1330 	 0.5365 
268.7569 	 8.6689 	 0.6314 
268.7604 	 8.4120 	 0.5579 
268.7639 	 8.3959 	 0.8362 
268.7674 	 7.8970 	 0.8155 
268.7708 	 7.5085 	 0.8191 
268.7743 	 8.9103 	 0.9402 
268.7778 	 9.4710 	 0.6485 
268.7813 	 9.9786 	 1.0470 
268.7847 	 9.7099 	 0.7850 
268.7882 	 9.8069 	 0.6438 
268.7917 	 9.4027 	 0.5973 
268.7951 	 8.8197 	 0.5794 
268.7986 	 8.3788 	 0.8191 
268.8021 	 7.7897 	 0.7511 
268.8056 	 7.7474 	 0.5290 
268.8090 	 7.4464 	 0.6009 
268.8125 	 6.7577 	 0.5290 
268.8160 	 6.6309 	 0.9442 
268.8194 	 5.8191 	 0.7850 
268.8229 	 5.2350 	 0.5983 
268.8264 	 5.6826 	 0.7850 
268.8299 	 6.3889 	 0.6197 
268.8333 	 6.8089 	 0.5631 
268.8368 	 6.9658 	 0.6410 
268.8403 	 5.4949 	 0.6655 
268.8438 	 6.9313 	 0.6867 
268.8472 	 6.0410 	 0.5631 
268.8507 	 7.1030 	 0.6009 
268.8542 	 6.8430 	 0.6314 
268.8576 	 6.7597 	 0.5579 
268.8611 	 6.6212 	 0.9215 
268.8646 	 6.9528 	 0.8369 
268.8681 	 6.3823 	 0.6997 
268.8715 	 8.0687 	 0.6438 
268.8750 	 9.0273 	 0.9044 
268.8785 	 6.3675 	 0.6838 
268.8819 	 6.0410 	 0.7167 
268.8854 	 6.4530 	 0.5128 
268.8889 	 6.2116 	 0.7850 
268.8924 	 6.3248 	 0.5983 
268.8958 	 5.9760 	 0.5993 
268.8993 	 6.7597 	 0.4936 
268.9028 	 8.1911 	 0.8191 
268.9063 	 9.7425 	 0.9442 
268.9097 	 9.0785 	 0.8020 
268.9132 	 9.3133 	 0.6867 
268.9167 	 7.6792 	 0.7679 
268.9201 	 6.9528 	 0.7082 
268.9236 	 9.1638 	 0.9215 
268.9271 	 8.5193 	 0.8369 
268.9306 	 7.8498 	 0.7850 
268.9340 	 8.5470 	 0.6197 
268.9375 	 8.8055 	 0.6826 
268.9410 	 8.5470 	 0.9829 
268.9444 	 9.2662 	 0.6485 
268.9479 	 9.4017 	 0.6197 
268.9514 	 9.3857 	 0.7509 
268.9549 	 8.9914 	 0.6867 
268.9583 	 9.8123 	 0.6314 
268.9618 	 9.4850 	 0.7940 
268.9653 	 9.6587 	 0.7167 
268.9688 	 11.1159 	 0.6438 
268.9722 	 11.9454 	 0.9044 
268.9757 	 10.2790 	 0.9227 
268.9792 	 10.1365 	 0.6485 
268.9826 	 11.7597 	 0.8584 
268.9861 	 11.3311 	 0.5973 
268.9896 	 11.3248 	 0.8333 
268.9931 	 12.6962 	 0.7850 
268.9965 	 12.2009 	 0.5556 
269.0000 	 11.6781 	 0.9247 
