Time-Day of Year 	 Electron flux 	 Proton flux 	 (Flux in the units of counts/sq cm.sec.sr) 
192.0035 	 11.9957 	 0.9013 
192.0069 	 13.3276 	 0.8191 
192.0104 	 12.9060 	 0.6410 
192.0139 	 13.7713 	 1.0068 
192.0174 	 14.1453 	 0.9615 
192.0208 	 15.1195 	 0.8020 
192.0243 	 13.8675 	 0.6197 
192.0278 	 15.8020 	 0.8362 
192.0313 	 15.6223 	 0.7296 
192.0347 	 16.3823 	 0.6314 
192.0382 	 18.5193 	 0.9657 
192.0417 	 18.4983 	 0.6826 
192.0451 	 17.2961 	 0.7511 
192.0486 	 18.1911 	 0.8703 
192.0521 	 19.8283 	 0.8584 
192.0556 	 17.0990 	 0.5802 
192.0590 	 19.1202 	 0.7511 
192.0625 	 18.0717 	 0.7338 
192.0660 	 17.3291 	 0.7906 
192.0694 	 21.6553 	 0.9044 
192.0729 	 19.4658 	 0.8761 
192.0764 	 20.0512 	 0.8020 
192.0799 	 21.1538 	 1.0043 
192.0833 	 20.3253 	 0.8562 
192.0868 	 19.5064 	 0.6438 
192.0903 	 25.0000 	 1.1775 
192.0938 	 24.3348 	 0.9013 
192.0972 	 27.0478 	 0.9386 
192.1007 	 26.5021 	 0.9442 
192.1042 	 26.8771 	 0.9556 
192.1076 	 27.3391 	 1.0300 
192.1111 	 25.3925 	 0.9215 
192.1146 	 27.1459 	 1.0944 
192.1181 	 27.3891 	 0.9727 
192.1215 	 26.8590 	 0.9402 
192.1250 	 23.1741 	 0.9727 
192.1285 	 24.5085 	 0.8547 
192.1319 	 25.1877 	 0.9386 
192.1354 	 23.9744 	 0.6410 
192.1389 	 26.9795 	 0.9727 
192.1424 	 26.1159 	 0.7940 
192.1458 	 27.8498 	 0.8703 
192.1493 	 28.9700 	 0.9227 
192.1528 	 29.6246 	 1.2287 
192.1563 	 27.1459 	 0.7296 
192.1597 	 26.3823 	 0.6826 
192.1632 	 26.5665 	 0.8369 
192.1667 	 28.4471 	 1.1604 
192.1701 	 30.4721 	 1.1588 
192.1736 	 30.8362 	 1.0580 
192.1771 	 35.1068 	 0.9615 
192.1806 	 34.5222 	 1.0751 
192.1840 	 35.1068 	 1.0684 
192.1875 	 37.5085 	 1.1092 
192.1910 	 37.8205 	 1.2179 
192.1944 	 39.1297 	 1.1604 
192.1979 	 38.0258 	 0.9227 
192.2014 	 39.5563 	 1.0239 
192.2049 	 42.0259 	 1.0345 
192.2083 	 41.5358 	 0.9898 
192.2118 	 38.8412 	 0.9871 
192.2153 	 39.8635 	 1.1092 
192.2188 	 39.6567 	 0.8584 
192.2222 	 40.3413 	 1.0410 
192.2257 	 38.7339 	 0.9442 
192.2292 	 41.9625 	 0.7338 
192.2326 	 48.5470 	 0.9615 
192.2361 	 42.4573 	 0.9215 
192.2396 	 45.3205 	 0.9829 
192.2431 	 45.0171 	 0.7679 
192.2465 	 43.7821 	 1.1111 
192.2500 	 45.8532 	 1.1433 
192.2535 	 41.9099 	 0.7511 
192.2569 	 41.3823 	 0.7679 
192.2604 	 37.0601 	 0.6438 
192.2639 	 40.4778 	 1.0239 
192.2674 	 41.1803 	 0.8584 
192.2708 	 46.3481 	 1.0580 
192.2743 	 46.7811 	 0.7296 
192.2778 	 53.9249 	 1.0410 
192.2813 	 57.5322 	 1.1159 
192.2847 	 58.0887 	 0.9386 
192.2882 	 62.1368 	 1.1325 
192.2917 	 62.4403 	 0.9386 
192.2951 	 62.2863 	 0.8333 
192.2986 	 62.9181 	 1.1775 
192.3021 	 56.0470 	 0.9615 
192.3056 	 56.7747 	 0.8020 
192.3090 	 59.1453 	 0.7051 
192.3125 	 54.8464 	 0.8703 
192.3160 	 62.5536 	 1.1159 
192.3194 	 62.6621 	 0.8532 
192.3229 	 60.5794 	 0.8584 
192.3264 	 71.5411 	 0.7192 
192.3299 	 67.7468 	 0.9871 
192.3333 	 65.4608 	 0.8020 
192.3368 	 57.4249 	 0.9442 
192.3403 	 60.4096 	 0.9386 
192.3438 	 57.1154 	 0.9188 
192.3472 	 58.3447 	 0.8874 
192.3507 	 57.4145 	 0.8333 
192.3542 	 54.1468 	 0.7679 
192.3576 	 46.0897 	 0.7906 
192.3611 	 46.0410 	 0.8532 
192.3646 	 47.2863 	 0.6624 
192.3681 	 44.0785 	 0.8532 
192.3715 	 33.2403 	 0.7725 
192.3750 	 39.7099 	 0.8532 
192.3785 	 38.1760 	 1.0730 
192.3819 	 38.9420 	 0.6143 
192.3854 	 38.3906 	 0.8584 
192.3889 	 47.4403 	 0.6997 
192.3924 	 41.2232 	 0.8155 
192.3958 	 41.7577 	 0.8532 
192.3993 	 39.9786 	 0.7906 
192.4028 	 39.7270 	 0.8191 
192.4063 	 35.3205 	 0.8120 
192.4097 	 35.1706 	 1.0239 
192.4132 	 34.2735 	 0.8120 
192.4167 	 30.8191 	 0.8532 
192.4201 	 30.6838 	 0.7051 
192.4236 	 32.2867 	 0.7509 
192.4271 	 28.4335 	 0.8155 
192.4306 	 30.0341 	 0.7850 
192.4340 	 26.8240 	 0.7940 
192.4375 	 26.6212 	 0.8191 
192.4410 	 26.3734 	 0.7296 
192.4444 	 26.2799 	 0.8362 
192.4479 	 26.7597 	 0.9871 
192.4514 	 23.5788 	 0.5993 
192.4549 	 22.5536 	 0.7296 
192.4583 	 27.5597 	 0.6997 
192.4618 	 28.6111 	 0.4701 
192.4653 	 34.6928 	 0.9727 
192.4688 	 37.3077 	 0.6624 
192.4722 	 39.7611 	 0.8191 
192.4757 	 50.8333 	 0.7906 
192.4792 	 56.5870 	 1.0239 
192.4826 	 56.7382 	 0.9013 
192.4861 	 60.1024 	 1.1945 
192.4896 	 61.4807 	 1.0300 
192.4931 	 60.8191 	 1.0580 
192.4965 	 49.3133 	 1.2232 
192.5000 	 44.4369 	 0.8020 
192.5035 	 36.2446 	 1.0515 
192.5069 	 26.9283 	 0.8703 
192.5104 	 25.2575 	 0.8369 
192.5139 	 23.1399 	 0.8020 
192.5174 	 23.2479 	 0.8761 
192.5208 	 24.0956 	 1.0239 
192.5243 	 20.2991 	 1.0897 
192.5278 	 23.2935 	 1.0239 
192.5313 	 29.4658 	 1.3248 
192.5347 	 36.9454 	 1.5188 
192.5382 	 27.3605 	 1.2232 
192.5417 	 29.6416 	 1.1945 
192.5451 	 34.6996 	 0.9657 
192.5486 	 34.5563 	 1.1604 
192.5521 	 32.2318 	 1.4163 
192.5556 	 37.9010 	 1.0922 
192.5590 	 34.6567 	 1.2446 
192.5625 	 32.5085 	 1.1945 
192.5660 	 32.4249 	 1.5665 
192.5694 	 37.1502 	 1.4505 
192.5729 	 37.7897 	 1.3948 
192.5764 	 27.5939 	 0.9898 
192.5799 	 24.4231 	 1.0043 
192.5833 	 23.1399 	 1.0239 
192.5868 	 25.9188 	 1.0470 
192.5903 	 22.4915 	 1.2116 
192.5938 	 26.0944 	 0.9871 
192.5972 	 34.3003 	 1.2287 
192.6007 	 33.1116 	 1.0730 
192.6042 	 29.4027 	 1.5017 
192.6076 	 29.5494 	 1.3305 
192.6111 	 28.0546 	 1.2116 
192.6146 	 24.2489 	 0.9227 
192.6181 	 23.5495 	 1.4676 
192.6215 	 20.8369 	 1.3734 
192.6250 	 18.5154 	 1.2116 
192.6285 	 18.1838 	 1.3034 
192.6319 	 20.1536 	 1.0580 
192.6354 	 17.4359 	 1.4957 
192.6389 	 15.8532 	 1.0751 
192.6424 	 13.8034 	 0.9188 
192.6458 	 14.0614 	 1.0922 
192.6493 	 17.8326 	 1.2446 
192.6528 	 18.8055 	 1.2457 
192.6563 	 17.3605 	 1.1803 
192.6597 	 16.5358 	 1.1604 
192.6632 	 15.5365 	 1.2232 
192.6667 	 16.0922 	 1.5358 
192.6701 	 13.9914 	 1.0515 
192.6736 	 14.9147 	 1.1604 
192.6771 	 17.3605 	 0.9442 
192.6806 	 15.5973 	 1.0410 
192.6840 	 16.2393 	 1.3462 
192.6875 	 16.1263 	 1.2969 
192.6910 	 14.3376 	 1.1538 
192.6944 	 13.4642 	 1.0580 
192.6979 	 14.0343 	 1.1373 
192.7014 	 12.5597 	 1.0410 
192.7049 	 14.2704 	 1.2446 
192.7083 	 14.4027 	 1.3481 
192.7118 	 14.6352 	 1.2446 
192.7153 	 12.1502 	 1.0239 
192.7188 	 13.4549 	 0.9227 
192.7222 	 12.3720 	 1.1775 
192.7257 	 12.9614 	 1.2661 
192.7292 	 12.6962 	 1.4505 
192.7326 	 11.8884 	 1.2017 
192.7361 	 12.0819 	 1.1604 
192.7396 	 12.9060 	 0.9188 
192.7431 	 11.6212 	 1.1092 
192.7465 	 11.7735 	 1.3248 
192.7500 	 11.9625 	 0.9556 
192.7535 	 11.6880 	 1.0470 
192.7569 	 11.6212 	 1.0410 
192.7604 	 12.2961 	 1.1159 
192.7639 	 10.0512 	 1.1433 
192.7674 	 10.7940 	 1.1373 
192.7708 	 10.3413 	 1.0239 
192.7743 	 10.7082 	 1.1803 
192.7778 	 11.5188 	 1.0410 
192.7813 	 11.9957 	 1.0086 
192.7847 	 11.1775 	 1.2969 
192.7882 	 12.9185 	 1.0086 
192.7917 	 13.4130 	 1.3823 
192.7951 	 11.9444 	 1.1538 
192.7986 	 12.1843 	 0.9727 
192.8021 	 11.5812 	 0.9402 
192.8056 	 11.8942 	 1.0751 
192.8090 	 10.5556 	 0.9829 
192.8125 	 9.6075 	 0.8532 
192.8160 	 8.5837 	 1.0300 
192.8194 	 9.8635 	 0.9727 
192.8229 	 12.1336 	 1.1638 
192.8264 	 11.9966 	 1.1945 
192.8299 	 11.2017 	 0.9442 
192.8333 	 10.7850 	 1.2116 
192.8368 	 10.5365 	 1.1373 
192.8403 	 8.0717 	 0.9898 
192.8438 	 9.0987 	 1.1373 
192.8472 	 10.9044 	 1.0410 
192.8507 	 10.4060 	 1.0256 
192.8542 	 11.5529 	 0.9727 
192.8576 	 11.1752 	 0.9188 
192.8611 	 12.0648 	 1.2457 
192.8646 	 11.2821 	 1.5171 
192.8681 	 11.0580 	 1.1604 
192.8715 	 12.0815 	 1.1588 
192.8750 	 11.3311 	 1.3481 
192.8785 	 10.6652 	 1.1373 
192.8819 	 11.8771 	 0.9727 
192.8854 	 11.4163 	 1.1159 
192.8889 	 10.5802 	 1.0239 
192.8924 	 11.1588 	 1.0086 
192.8958 	 10.9386 	 0.8362 
192.8993 	 11.8455 	 1.2446 
192.9028 	 11.2969 	 0.8532 
192.9063 	 10.5556 	 1.3675 
192.9097 	 10.9386 	 1.0751 
192.9132 	 10.2137 	 1.1752 
192.9167 	 8.7031 	 1.0922 
192.9201 	 9.4231 	 1.1752 
192.9236 	 9.4710 	 1.1433 
192.9271 	 10.4936 	 0.9013 
192.9306 	 11.8601 	 0.7509 
192.9340 	 9.8927 	 0.7725 
192.9375 	 9.2321 	 0.9044 
192.9410 	 8.7339 	 0.9442 
192.9444 	 8.6644 	 0.8904 
192.9479 	 9.1416 	 0.8798 
192.9514 	 10.2389 	 1.1604 
192.9549 	 11.0944 	 1.2017 
192.9583 	 12.3208 	 1.0410 
192.9618 	 14.9573 	 0.9829 
192.9653 	 18.0034 	 1.1945 
192.9688 	 17.6282 	 1.2393 
192.9722 	 18.5154 	 0.9044 
192.9757 	 20.7051 	 1.0897 
192.9792 	 20.2389 	 1.3652 
192.9826 	 18.4120 	 1.1803 
192.9861 	 17.7133 	 1.1263 
192.9896 	 19.1416 	 1.5021 
192.9931 	 19.1980 	 1.3823 
192.9965 	 20.7296 	 1.3734 
193.0000 	 20.8733 	 1.0103 
