Time-Day of Year 	 Electron flux 	 Proton flux 	 (Flux in the units of counts/sq cm.sec.sr) 
194.0035 	 18.1760 	 1.2876 
194.0069 	 15.3925 	 0.8191 
194.0104 	 17.0172 	 1.1159 
194.0139 	 17.5939 	 1.0068 
194.0174 	 18.8627 	 1.0300 
194.0208 	 18.0887 	 1.1775 
194.0243 	 17.2650 	 0.7692 
194.0278 	 15.7850 	 1.1945 
194.0313 	 15.8547 	 1.1325 
194.0347 	 14.9317 	 0.9044 
194.0382 	 15.1923 	 1.0256 
194.0417 	 14.4881 	 1.0239 
194.0451 	 15.1923 	 1.1111 
194.0486 	 12.8938 	 0.9760 
194.0521 	 15.1502 	 1.1373 
194.0556 	 15.0512 	 1.0580 
194.0590 	 15.0215 	 1.2232 
194.0625 	 14.8976 	 0.9556 
194.0660 	 15.0644 	 1.0300 
194.0694 	 15.7338 	 1.1945 
194.0729 	 16.9099 	 0.9657 
194.0764 	 16.8771 	 0.8362 
194.0799 	 17.5966 	 1.1803 
194.0833 	 17.5427 	 1.0751 
194.0868 	 18.3547 	 0.9188 
194.0903 	 18.8396 	 1.1092 
194.0938 	 21.9017 	 1.0043 
194.0972 	 24.5734 	 1.0751 
194.1007 	 24.5085 	 0.9615 
194.1042 	 24.0102 	 1.0580 
194.1076 	 24.4850 	 1.1159 
194.1111 	 25.2389 	 1.0580 
194.1146 	 26.5880 	 1.0300 
194.1181 	 26.6724 	 1.0239 
194.1215 	 26.1373 	 1.2876 
194.1250 	 26.5529 	 1.1092 
194.1285 	 28.1974 	 1.2876 
194.1319 	 28.1741 	 1.2628 
194.1354 	 27.9828 	 1.0730 
194.1389 	 29.0785 	 1.0239 
194.1424 	 29.3162 	 0.8974 
194.1458 	 30.1195 	 1.0922 
194.1493 	 29.8291 	 1.1111 
194.1528 	 30.0000 	 1.1433 
194.1563 	 31.2393 	 1.0256 
194.1597 	 33.2082 	 1.0922 
194.1632 	 31.8240 	 1.0515 
194.1667 	 34.2662 	 1.3140 
194.1701 	 37.4569 	 1.1853 
194.1736 	 41.2287 	 1.1945 
194.1771 	 43.2189 	 1.5451 
194.1806 	 48.3106 	 1.1604 
194.1840 	 53.3906 	 1.2876 
194.1875 	 59.2321 	 1.5188 
194.1910 	 61.6094 	 1.1373 
194.1944 	 66.3652 	 1.4334 
194.1979 	 63.8462 	 1.4316 
194.2014 	 53.8225 	 1.5700 
194.2049 	 58.9957 	 1.1966 
194.2083 	 59.9829 	 1.5188 
194.2118 	 54.1880 	 1.0043 
194.2153 	 50.5802 	 1.1433 
194.2188 	 51.4807 	 1.3305 
194.2222 	 55.8020 	 1.1433 
194.2257 	 57.0386 	 1.7167 
194.2292 	 57.0648 	 1.4334 
194.2326 	 56.5665 	 1.6094 
194.2361 	 58.0375 	 1.2287 
194.2396 	 60.9871 	 1.0300 
194.2431 	 55.5119 	 1.5358 
194.2465 	 53.3476 	 1.2017 
194.2500 	 54.8464 	 1.2628 
194.2535 	 53.0983 	 1.1966 
194.2569 	 50.9556 	 1.2799 
194.2604 	 48.6538 	 1.1966 
194.2639 	 44.4539 	 0.9215 
194.2674 	 45.0427 	 1.5598 
194.2708 	 43.7884 	 1.1775 
194.2743 	 38.9270 	 1.1588 
194.2778 	 42.7816 	 1.0922 
194.2813 	 41.4163 	 1.3948 
194.2847 	 42.0137 	 1.1775 
194.2882 	 41.5665 	 1.2232 
194.2917 	 40.7877 	 1.0616 
194.2951 	 42.5751 	 1.3090 
194.2986 	 44.7611 	 0.9556 
194.3021 	 47.4249 	 1.2876 
194.3056 	 49.6928 	 1.0922 
194.3090 	 47.0299 	 0.9402 
194.3125 	 44.4369 	 1.2799 
194.3160 	 55.2564 	 1.1966 
194.3194 	 55.9215 	 1.1945 
194.3229 	 50.0000 	 1.0897 
194.3264 	 51.7406 	 1.1092 
194.3299 	 54.4421 	 1.0944 
194.3333 	 55.4608 	 1.4334 
194.3368 	 57.7468 	 1.2017 
194.3403 	 59.1809 	 1.1945 
194.3438 	 57.4034 	 1.3519 
194.3472 	 55.5802 	 1.2457 
194.3507 	 55.3648 	 1.3734 
194.3542 	 55.2389 	 1.0580 
194.3576 	 56.2876 	 1.4163 
194.3611 	 60.2389 	 1.3652 
194.3646 	 57.1368 	 1.5171 
194.3681 	 56.6724 	 1.0580 
194.3715 	 57.2222 	 1.1752 
194.3750 	 54.8464 	 1.3311 
194.3785 	 55.4273 	 0.9829 
194.3819 	 59.1297 	 1.4334 
194.3854 	 59.8718 	 1.0043 
194.3889 	 60.9215 	 1.0580 
194.3924 	 52.7468 	 0.9871 
194.3958 	 54.6587 	 0.9044 
194.3993 	 53.1545 	 0.8155 
194.4028 	 55.5461 	 1.2969 
194.4063 	 56.8026 	 1.2017 
194.4097 	 58.7543 	 1.3993 
194.4132 	 57.5216 	 0.9698 
194.4167 	 58.8055 	 1.1945 
194.4201 	 60.1282 	 1.2179 
194.4236 	 59.4027 	 1.0580 
194.4271 	 56.0043 	 0.8974 
194.4306 	 56.7406 	 1.3481 
194.4340 	 56.7308 	 1.1966 
194.4375 	 54.3003 	 1.1433 
194.4410 	 56.1325 	 1.2607 
194.4444 	 53.0717 	 1.1604 
194.4479 	 56.0086 	 1.0730 
194.4514 	 52.7133 	 1.0922 
194.4549 	 49.5494 	 1.0730 
194.4583 	 50.0000 	 1.1945 
194.4618 	 50.4506 	 1.0515 
194.4653 	 49.8805 	 0.9898 
194.4688 	 47.4678 	 1.2446 
194.4722 	 45.6485 	 1.0068 
194.4757 	 45.1923 	 1.0043 
194.4792 	 44.2662 	 1.1263 
194.4826 	 51.8162 	 0.9829 
194.4861 	 47.9693 	 1.2969 
194.4896 	 48.3333 	 1.0470 
194.4931 	 46.1092 	 1.2628 
194.4965 	 39.1239 	 1.0684 
194.5000 	 40.1877 	 1.0068 
194.5035 	 44.8283 	 1.0730 
194.5069 	 45.3413 	 1.0239 
194.5104 	 43.4764 	 1.0944 
194.5139 	 40.5631 	 1.3481 
194.5174 	 39.0343 	 1.2232 
194.5208 	 42.8840 	 1.1604 
194.5243 	 42.6824 	 1.2661 
194.5278 	 38.3106 	 1.2116 
194.5313 	 37.3820 	 1.0730 
194.5347 	 38.8055 	 1.0068 
194.5382 	 37.5751 	 0.9013 
194.5417 	 34.0444 	 1.1433 
194.5451 	 34.9145 	 0.8547 
194.5486 	 33.2082 	 1.2799 
194.5521 	 30.2350 	 0.9829 
194.5556 	 30.0683 	 0.9215 
194.5590 	 26.7597 	 0.8155 
194.5625 	 27.3038 	 0.8020 
194.5660 	 28.0043 	 1.3948 
194.5694 	 28.2423 	 0.8532 
194.5729 	 28.1974 	 0.8369 
194.5764 	 29.1638 	 1.1604 
194.5799 	 28.4549 	 1.0730 
194.5833 	 28.7372 	 1.1604 
194.5868 	 28.1330 	 0.9227 
194.5903 	 28.7031 	 1.0751 
194.5938 	 27.7991 	 1.3034 
194.5972 	 29.1297 	 0.9044 
194.6007 	 28.5470 	 1.3034 
194.6042 	 30.7167 	 0.9386 
194.6076 	 29.5940 	 1.0897 
194.6111 	 27.6962 	 0.9215 
194.6146 	 27.4678 	 1.2446 
194.6181 	 27.7986 	 1.0922 
194.6215 	 26.9099 	 1.6094 
194.6250 	 28.1058 	 1.4846 
194.6285 	 29.7210 	 1.2446 
194.6319 	 27.4744 	 1.2457 
194.6354 	 26.4163 	 1.0730 
194.6389 	 23.6348 	 1.1433 
194.6424 	 23.1116 	 1.1588 
194.6458 	 22.1331 	 1.2457 
194.6493 	 23.2906 	 1.2179 
194.6528 	 25.1877 	 1.1945 
194.6563 	 25.0000 	 0.8120 
194.6597 	 21.7577 	 1.5529 
194.6632 	 24.0773 	 1.0730 
194.6667 	 23.7713 	 0.9898 
194.6701 	 24.3133 	 0.9657 
194.6736 	 25.0853 	 1.2116 
194.6771 	 26.1588 	 1.5021 
194.6806 	 27.4915 	 1.2628 
194.6840 	 26.8455 	 1.3305 
194.6875 	 27.0478 	 1.1775 
194.6910 	 29.1202 	 1.1373 
194.6944 	 27.5768 	 1.2116 
194.6979 	 28.9056 	 1.3305 
194.7014 	 26.2799 	 1.2969 
194.7049 	 25.9402 	 1.1111 
194.7083 	 26.4676 	 1.3481 
194.7118 	 27.7564 	 1.4316 
194.7153 	 26.7918 	 1.2628 
194.7188 	 26.0470 	 1.4316 
194.7222 	 25.2389 	 1.4334 
194.7257 	 27.8970 	 1.2661 
194.7292 	 23.6348 	 1.1945 
194.7326 	 22.5322 	 0.9871 
194.7361 	 21.8942 	 1.2628 
194.7396 	 23.3906 	 1.1373 
194.7431 	 22.2355 	 1.1092 
194.7465 	 21.5665 	 1.0086 
194.7500 	 22.2014 	 1.2287 
194.7535 	 21.2017 	 1.1159 
194.7569 	 22.4403 	 1.1433 
194.7604 	 19.5085 	 1.0256 
194.7639 	 19.8123 	 1.0410 
194.7674 	 19.2735 	 1.0043 
194.7708 	 19.0614 	 1.2116 
194.7743 	 17.9915 	 1.0897 
194.7778 	 18.3959 	 0.9215 
194.7813 	 17.8970 	 1.1373 
194.7847 	 19.5034 	 1.1815 
194.7882 	 16.7811 	 1.3948 
194.7917 	 16.5870 	 0.9044 
194.7951 	 15.1717 	 0.9871 
194.7986 	 14.7782 	 0.9727 
194.8021 	 15.0858 	 0.9442 
194.8056 	 15.2730 	 1.2799 
194.8090 	 14.6781 	 0.8798 
194.8125 	 15.1706 	 1.0239 
194.8160 	 15.4701 	 1.1966 
194.8194 	 16.2628 	 1.1433 
194.8229 	 14.1026 	 1.0470 
194.8264 	 14.3174 	 1.0922 
194.8299 	 15.9829 	 1.1325 
194.8333 	 17.0478 	 1.1604 
194.8368 	 16.6094 	 1.1159 
194.8403 	 13.7713 	 1.0751 
194.8438 	 14.4421 	 1.0515 
194.8472 	 12.9522 	 0.9556 
194.8507 	 13.3262 	 0.7082 
194.8542 	 15.4778 	 0.9898 
194.8576 	 15.5150 	 0.9442 
194.8611 	 16.4676 	 0.9556 
194.8646 	 14.8498 	 1.0944 
194.8681 	 15.0683 	 1.3140 
194.8715 	 16.0043 	 1.3248 
194.8750 	 17.8157 	 1.2287 
194.8785 	 18.3974 	 1.0470 
194.8819 	 17.3038 	 1.1433 
194.8854 	 17.3718 	 1.1538 
194.8889 	 17.6792 	 1.0068 
194.8924 	 16.7167 	 1.2661 
194.8958 	 14.9317 	 1.2287 
194.8993 	 15.0215 	 1.3519 
194.9028 	 15.9386 	 1.1433 
194.9063 	 14.5708 	 1.0730 
194.9097 	 14.0240 	 1.0959 
194.9132 	 17.1245 	 1.0730 
194.9167 	 17.2355 	 1.0580 
194.9201 	 18.1116 	 0.8155 
194.9236 	 16.9625 	 0.8874 
194.9271 	 17.5855 	 0.8761 
194.9306 	 17.5768 	 1.0751 
194.9340 	 18.2265 	 1.0256 
194.9375 	 18.7372 	 1.0751 
194.9410 	 16.1325 	 1.0256 
194.9444 	 18.1911 	 1.0068 
194.9479 	 17.1888 	 1.1159 
194.9514 	 16.8430 	 0.9727 
194.9549 	 19.0987 	 0.9442 
194.9583 	 22.7474 	 1.3311 
194.9618 	 20.8155 	 1.0086 
194.9653 	 22.2355 	 1.1263 
194.9688 	 23.4979 	 1.4378 
194.9722 	 22.2355 	 1.1604 
194.9757 	 23.5622 	 0.9657 
194.9792 	 24.9317 	 1.1433 
194.9826 	 22.8205 	 1.0470 
194.9861 	 24.2491 	 1.1433 
194.9896 	 24.0171 	 1.3462 
194.9931 	 25.1706 	 1.1604 
194.9965 	 27.1795 	 1.3248 
195.0000 	 28.0479 	 0.8904 
