Time-Day of Year 	 Electron flux 	 Proton flux 	 (Flux in the units of counts/sq cm.sec.sr) 
273.0035 	 1320.8000 	 1.8600 
273.0069 	 1365.9058 	 1.8841 
273.0104 	 1424.3227 	 1.6135 
273.0139 	 1408.9312 	 2.0109 
273.0174 	 1461.1155 	 2.1713 
273.0208 	 1494.9094 	 2.3732 
273.0243 	 1547.1514 	 1.8127 
273.0278 	 1513.9130 	 2.2101 
273.0313 	 1567.6892 	 1.7331 
273.0347 	 1646.0727 	 2.0182 
273.0382 	 1645.0797 	 1.9721 
273.0417 	 1642.7636 	 1.5818 
273.0451 	 1636.6932 	 2.0120 
273.0486 	 1798.0000 	 2.1636 
273.0521 	 1741.1355 	 2.3108 
273.0556 	 1709.2000 	 2.4364 
273.0590 	 1729.6414 	 1.6135 
273.0625 	 1742.4000 	 1.8545 
273.0660 	 1766.1905 	 1.9841 
273.0694 	 1849.8000 	 2.0727 
273.0729 	 1894.5238 	 2.2619 
273.0764 	 1857.4545 	 1.8727 
273.0799 	 1903.1349 	 2.1230 
273.0833 	 1981.7273 	 2.4182 
273.0868 	 2154.5437 	 2.1032 
273.0903 	 1935.8242 	 1.9780 
273.0938 	 1871.5415 	 1.7984 
273.0972 	 1990.7326 	 1.7033 
273.1007 	 2028.9328 	 2.1344 
273.1042 	 1960.8974 	 2.0147 
273.1076 	 1928.0040 	 2.1344 
273.1111 	 1992.1978 	 2.0696 
273.1146 	 2073.6364 	 2.4506 
273.1181 	 1977.7473 	 2.0330 
273.1215 	 2198.9961 	 2.4606 
273.1250 	 2014.5604 	 2.0879 
273.1285 	 1965.2756 	 2.1063 
273.1319 	 2341.0623 	 2.2527 
273.1354 	 2360.8465 	 2.2638 
273.1389 	 2325.0183 	 2.4359 
273.1424 	 2348.7598 	 2.1260 
273.1458 	 2377.2610 	 2.2243 
273.1493 	 2485.5315 	 2.3425 
273.1528 	 2445.1471 	 2.1324 
273.1563 	 2357.6181 	 2.2835 
273.1597 	 2566.8566 	 2.7390 
273.1632 	 2546.9685 	 1.7520 
273.1667 	 2604.3566 	 2.0037 
273.1701 	 2590.3937 	 2.1260 
273.1736 	 2678.0331 	 2.5368 
273.1771 	 2712.3137 	 2.2549 
273.1806 	 2833.6213 	 2.1507 
273.1840 	 2812.3922 	 2.2549 
273.1875 	 2848.3640 	 2.2794 
273.1910 	 2937.0980 	 2.2549 
273.1944 	 2973.5478 	 2.2978 
273.1979 	 2852.9412 	 2.5098 
273.2014 	 2835.1661 	 2.4723 
273.2049 	 2915.6863 	 2.5294 
273.2083 	 2951.7343 	 2.1033 
273.2118 	 2959.0196 	 2.5294 
273.2153 	 3011.3148 	 2.2593 
273.2188 	 3062.2266 	 2.5977 
273.2222 	 3064.7963 	 2.3148 
273.2257 	 3120.6445 	 1.8359 
273.2292 	 3062.6481 	 2.3889 
273.2326 	 3138.4436 	 2.0817 
273.2361 	 3008.6852 	 2.1296 
273.2396 	 3017.0428 	 2.0039 
273.2431 	 2951.3333 	 2.0741 
273.2465 	 3042.5097 	 2.1012 
273.2500 	 3234.0370 	 2.4259 
273.2535 	 3406.6537 	 2.2568 
273.2569 	 3366.4126 	 2.2862 
273.2604 	 3550.2529 	 2.4903 
273.2639 	 3589.2751 	 2.3234 
273.2674 	 3486.8872 	 2.6459 
273.2708 	 3300.0558 	 1.8959 
273.2743 	 3177.8988 	 2.2568 
273.2778 	 2987.6580 	 2.6580 
273.2813 	 2827.5292 	 2.1595 
273.2847 	 3026.4684 	 2.3978 
273.2882 	 2902.8488 	 2.2287 
273.2917 	 2835.7249 	 1.7100 
273.2951 	 2978.2171 	 2.5581 
273.2986 	 2894.4796 	 2.1561 
273.3021 	 2935.4264 	 2.2481 
273.3056 	 2905.6877 	 1.9703 
273.3090 	 2720.1550 	 2.3837 
273.3125 	 2620.1306 	 2.0709 
273.3160 	 2596.6860 	 2.1124 
273.3194 	 2582.1642 	 2.0522 
273.3229 	 2690.3876 	 2.1705 
273.3264 	 2686.1940 	 2.2388 
273.3299 	 2593.6047 	 2.2674 
273.3333 	 2644.2351 	 1.9216 
273.3368 	 2692.5581 	 2.1318 
273.3403 	 2719.4007 	 2.2659 
273.3438 	 2733.7692 	 2.2500 
273.3472 	 2603.7079 	 2.4345 
273.3507 	 2526.1731 	 2.2115 
273.3542 	 2666.6292 	 1.8539 
273.3576 	 2717.2885 	 2.0000 
273.3611 	 2716.3670 	 2.5094 
273.3646 	 2690.1346 	 2.4615 
273.3681 	 2764.0977 	 2.1805 
273.3715 	 2677.7115 	 2.1923 
273.3750 	 2505.9774 	 2.2744 
273.3785 	 2543.1923 	 1.9423 
273.3819 	 2545.9962 	 2.5000 
273.3854 	 2492.1731 	 2.1154 
273.3889 	 2368.7970 	 2.2368 
273.3924 	 2398.3654 	 2.0962 
273.3958 	 2349.3233 	 2.1992 
273.3993 	 2289.9617 	 1.8199 
273.4028 	 2287.8759 	 2.0489 
273.4063 	 2191.5134 	 2.0307 
273.4097 	 2105.2256 	 2.0113 
273.4132 	 2171.0536 	 2.1648 
273.4167 	 2144.4737 	 1.9173 
273.4201 	 2021.1877 	 2.1839 
273.4236 	 1955.8113 	 2.3019 
273.4271 	 2071.3793 	 2.2989 
273.4306 	 1975.0943 	 2.1698 
273.4340 	 1872.8161 	 2.1648 
273.4375 	 1934.0943 	 2.0566 
273.4410 	 1859.5594 	 2.0690 
273.4444 	 1782.5849 	 2.1509 
273.4479 	 1712.6628 	 2.0498 
273.4514 	 1679.5472 	 1.9057 
273.4549 	 1630.6489 	 1.6603 
273.4583 	 1602.0000 	 2.0755 
273.4618 	 1605.9542 	 2.3092 
273.4653 	 1523.8068 	 1.5909 
273.4688 	 1538.4791 	 2.0152 
273.4722 	 1442.2917 	 2.0644 
273.4757 	 1345.6654 	 1.8441 
273.4792 	 1229.1065 	 1.8821 
273.4826 	 1222.2433 	 1.2928 
273.4861 	 1155.9125 	 2.0532 
273.4896 	 1117.6426 	 1.6540 
273.4931 	 1068.4030 	 1.4829 
273.4965 	 1070.1901 	 1.7300 
273.5000 	 1084.3346 	 1.9011 
273.5035 	 1057.9087 	 1.6730 
273.5069 	 992.5095 	 1.6730 
273.5104 	 1005.3220 	 1.4015 
273.5139 	 992.9088 	 2.1673 
273.5174 	 994.2235 	 1.7992 
273.5208 	 851.9202 	 1.5019 
273.5243 	 811.6288 	 1.4962 
273.5278 	 963.4030 	 1.6920 
273.5313 	 1122.9924 	 1.6098 
273.5347 	 830.8015 	 1.3168 
273.5382 	 881.7046 	 1.5720 
273.5417 	 1082.0420 	 1.7748 
273.5451 	 1279.6970 	 2.0644 
273.5486 	 1188.1489 	 1.5076 
273.5521 	 1113.6742 	 1.6288 
273.5556 	 1154.9237 	 1.8130 
273.5590 	 1086.0038 	 1.4394 
273.5625 	 967.1947 	 1.7366 
273.5660 	 912.1509 	 1.6604 
273.5694 	 836.7557 	 1.5076 
273.5729 	 579.5283 	 1.6038 
273.5764 	 617.2328 	 1.5458 
273.5799 	 591.9811 	 1.2830 
273.5833 	 318.9885 	 1.2405 
273.5868 	 396.2076 	 1.3396 
273.5903 	 440.1346 	 0.9615 
273.5938 	 472.9887 	 1.0150 
273.5972 	 420.1731 	 0.9808 
273.6007 	 354.6241 	 0.9962 
273.6042 	 427.4231 	 1.1154 
273.6076 	 424.8872 	 1.1654 
273.6111 	 359.0962 	 1.1731 
273.6146 	 333.8534 	 0.8835 
273.6181 	 802.4039 	 1.4615 
273.6215 	 1329.1011 	 1.8539 
273.6250 	 1938.4231 	 1.5000 
273.6285 	 2329.0824 	 1.9850 
273.6319 	 2081.4808 	 1.9423 
273.6354 	 1650.9551 	 1.7416 
273.6389 	 1721.3462 	 2.3462 
273.6424 	 1925.3371 	 2.1536 
273.6458 	 1562.4903 	 2.1042 
273.6493 	 1277.4906 	 1.8539 
273.6528 	 1462.4131 	 2.1622 
273.6563 	 1257.4345 	 1.4607 
273.6597 	 1176.1004 	 2.4903 
273.6632 	 1110.5805 	 1.8165 
273.6667 	 862.9537 	 2.0849 
273.6701 	 727.9664 	 1.8843 
273.6736 	 736.9884 	 1.6216 
273.6771 	 710.0373 	 1.4739 
273.6806 	 620.2317 	 1.6988 
273.6840 	 571.3993 	 1.4179 
273.6875 	 626.8533 	 1.7375 
273.6910 	 637.6306 	 1.5299 
273.6944 	 557.9730 	 1.7761 
273.6979 	 580.2239 	 1.6791 
273.7014 	 511.2985 	 1.6860 
273.7049 	 465.6903 	 1.4552 
273.7083 	 462.8682 	 1.3760 
273.7118 	 444.9813 	 1.1940 
273.7153 	 398.7791 	 1.3178 
273.7188 	 373.8619 	 1.3993 
273.7222 	 378.9883 	 1.2257 
273.7257 	 424.0556 	 1.2778 
273.7292 	 438.8132 	 1.1673 
273.7326 	 382.1481 	 1.4259 
273.7361 	 315.2724 	 0.9144 
273.7396 	 243.5370 	 1.2778 
273.7431 	 248.8716 	 1.0506 
273.7465 	 285.7037 	 1.2407 
273.7500 	 387.2763 	 1.2257 
273.7535 	 346.5741 	 1.0556 
273.7569 	 299.1211 	 1.2109 
273.7604 	 230.7778 	 1.1111 
273.7639 	 342.0703 	 1.1133 
273.7674 	 289.7407 	 1.2593 
273.7708 	 250.0586 	 1.1133 
273.7743 	 194.2778 	 0.8704 
273.7778 	 174.7266 	 0.8594 
273.7813 	 197.3985 	 0.8672 
273.7847 	 173.9844 	 1.0156 
273.7882 	 184.1882 	 1.1808 
273.7917 	 224.4141 	 1.3477 
273.7951 	 232.5830 	 1.4945 
273.7986 	 243.7891 	 1.2695 
273.8021 	 243.4502 	 1.5129 
273.8056 	 257.7843 	 1.5098 
273.8090 	 271.6790 	 1.3653 
273.8125 	 281.6078 	 1.4902 
273.8160 	 279.6495 	 1.5683 
273.8194 	 271.7843 	 1.4510 
273.8229 	 271.8081 	 1.3838 
273.8264 	 221.6078 	 1.4314 
273.8299 	 238.3764 	 1.0517 
273.8333 	 229.5098 	 1.5098 
273.8368 	 242.9963 	 1.4522 
273.8403 	 231.0392 	 1.2353 
273.8438 	 217.3346 	 1.5993 
273.8472 	 228.5630 	 1.3189 
273.8507 	 212.9854 	 1.5385 
273.8542 	 217.9331 	 1.7126 
273.8576 	 213.3517 	 1.5385 
273.8611 	 207.4111 	 1.4625 
273.8646 	 236.1355 	 1.5934 
273.8681 	 246.3439 	 1.5217 
273.8715 	 220.3663 	 1.7949 
273.8750 	 232.5099 	 1.6008 
273.8785 	 231.8681 	 1.5018 
273.8819 	 247.8063 	 1.8182 
273.8854 	 258.5531 	 1.7216 
273.8889 	 282.5692 	 1.5613 
273.8924 	 282.8102 	 1.8796 
273.8958 	 341.2253 	 1.5613 
273.8993 	 319.4161 	 2.0073 
273.9028 	 243.5771 	 1.6008 
273.9063 	 272.6642 	 1.7153 
273.9097 	 247.5296 	 1.5217 
273.9132 	 263.4124 	 1.6606 
273.9167 	 249.2857 	 1.5079 
273.9201 	 241.8066 	 1.4964 
273.9236 	 258.2738 	 1.5278 
273.9271 	 263.8139 	 1.5693 
273.9306 	 263.2143 	 1.3294 
273.9340 	 321.9161 	 1.2774 
273.9375 	 284.3056 	 1.4286 
273.9410 	 268.6861 	 0.9672 
273.9444 	 273.0754 	 1.2897 
273.9479 	 320.2000 	 0.9818 
273.9514 	 368.3929 	 1.0714 
273.9549 	 420.0364 	 1.3091 
273.9583 	 456.7659 	 1.5079 
273.9618 	 437.6545 	 1.2727 
273.9653 	 424.3651 	 1.2897 
273.9688 	 518.8727 	 1.4000 
273.9722 	 491.3000 	 1.1600 
273.9757 	 466.3768 	 1.3043 
273.9792 	 537.2600 	 1.0200 
273.9826 	 522.5362 	 1.3768 
273.9861 	 629.2600 	 1.3800 
273.9896 	 724.0399 	 1.5036 
273.9931 	 676.2000 	 1.8600 
273.9965 	 577.3007 	 1.5399 
274.0000 	 539.6200 	 1.5000 
