Time-Day of Year 	 Electron flux 	 Proton flux 	 (Flux in the units of counts/sq cm.sec.sr) 
109.0035 	 17.4597 	 0.7863 
109.0069 	 17.7158 	 0.7014 
109.0104 	 19.6573 	 0.5847 
109.0139 	 18.4532 	 0.7374 
109.0174 	 18.9315 	 0.8468 
109.0208 	 18.5791 	 0.6295 
109.0243 	 18.7500 	 0.8065 
109.0278 	 20.4317 	 0.5935 
109.0313 	 20.6225 	 0.8032 
109.0347 	 24.9640 	 0.8273 
109.0382 	 25.2811 	 0.6827 
109.0417 	 24.5683 	 1.1511 
109.0451 	 25.8835 	 0.9237 
109.0486 	 27.6619 	 0.8453 
109.0521 	 28.8554 	 0.7229 
109.0556 	 30.9783 	 0.7971 
109.0590 	 30.1800 	 0.6000 
109.0625 	 30.4348 	 0.7971 
109.0660 	 30.2200 	 0.7000 
109.0694 	 32.9348 	 0.9239 
109.0729 	 35.4800 	 0.8200 
109.0764 	 35.7790 	 0.7971 
109.0799 	 35.1200 	 0.8800 
109.0833 	 36.2681 	 0.7609 
109.0868 	 37.8287 	 0.9562 
109.0903 	 40.0000 	 0.8152 
109.0938 	 47.1912 	 0.8167 
109.0972 	 44.9457 	 0.7246 
109.1007 	 45.6175 	 0.7769 
109.1042 	 50.3804 	 0.9420 
109.1076 	 55.2390 	 0.7769 
109.1111 	 54.0909 	 1.0909 
109.1146 	 48.7251 	 0.9363 
109.1181 	 51.3091 	 0.8909 
109.1215 	 52.9482 	 0.8566 
109.1250 	 56.5091 	 1.1455 
109.1285 	 56.9920 	 0.9562 
109.1319 	 57.8364 	 1.0727 
109.1354 	 59.5618 	 0.9761 
109.1389 	 62.6000 	 0.9636 
109.1424 	 62.6190 	 0.8730 
109.1458 	 62.0182 	 0.8364 
109.1493 	 62.0437 	 1.0913 
109.1528 	 60.5273 	 1.0364 
109.1563 	 60.6746 	 1.1310 
109.1597 	 61.4545 	 0.8545 
109.1632 	 66.0119 	 1.0516 
109.1667 	 64.0876 	 1.2956 
109.1701 	 64.2063 	 0.9921 
109.1736 	 68.0952 	 1.0806 
109.1771 	 70.5731 	 0.9486 
109.1806 	 73.7546 	 0.7875 
109.1840 	 78.9723 	 1.1067 
109.1875 	 76.6667 	 1.0073 
109.1910 	 80.0000 	 0.9289 
109.1944 	 76.7949 	 1.0073 
109.1979 	 81.3189 	 1.1811 
109.2014 	 83.9011 	 0.7875 
109.2049 	 84.8228 	 1.1811 
109.2083 	 85.5128 	 1.0440 
109.2118 	 89.1339 	 0.8661 
109.2153 	 94.3040 	 1.0073 
109.2188 	 89.8228 	 1.0039 
109.2222 	 94.4853 	 0.9191 
109.2257 	 98.2283 	 1.0827 
109.2292 	 109.3199 	 1.0110 
109.2326 	 116.2992 	 1.1220 
109.2361 	 113.2169 	 0.9743 
109.2396 	 114.9606 	 1.1220 
109.2431 	 116.4706 	 1.2132 
109.2465 	 114.4291 	 1.1614 
109.2500 	 109.0993 	 1.1581 
109.2535 	 111.0784 	 0.8824 
109.2569 	 131.9669 	 0.9375 
109.2604 	 132.7059 	 0.8824 
109.2639 	 134.1728 	 0.9007 
109.2674 	 127.3333 	 1.0980 
109.2708 	 128.1618 	 1.1397 
109.2743 	 126.6078 	 0.8039 
109.2778 	 141.7712 	 1.1070 
109.2813 	 139.4118 	 0.8627 
109.2847 	 134.9262 	 1.2177 
109.2882 	 144.2353 	 1.0588 
109.2917 	 155.7565 	 0.9963 
109.2951 	 143.5882 	 1.1373 
109.2986 	 136.5926 	 0.7593 
109.3021 	 147.5195 	 0.8789 
109.3056 	 155.5741 	 1.2222 
109.3090 	 167.2373 	 1.1089 
109.3125 	 154.6296 	 0.8148 
109.3160 	 154.0078 	 0.9144 
109.3194 	 158.6667 	 0.9630 
109.3229 	 157.7821 	 1.2451 
109.3264 	 158.6296 	 1.2037 
109.3299 	 153.5409 	 1.1089 
109.3333 	 169.5370 	 1.0556 
109.3368 	 155.8949 	 0.9728 
109.3403 	 160.8364 	 1.1152 
109.3438 	 163.7743 	 0.9922 
109.3472 	 170.1859 	 0.9294 
109.3507 	 168.3658 	 1.0700 
109.3542 	 172.7138 	 1.1152 
109.3576 	 181.9455 	 0.8366 
109.3611 	 189.4795 	 0.8922 
109.3646 	 183.0814 	 0.8915 
109.3681 	 180.8922 	 0.8550 
109.3715 	 186.1434 	 1.2597 
109.3750 	 181.0595 	 0.9665 
109.3785 	 180.3488 	 1.3372 
109.3819 	 170.3160 	 1.1710 
109.3854 	 174.9612 	 0.7558 
109.3889 	 170.0000 	 1.1152 
109.3924 	 180.5620 	 1.2403 
109.3958 	 164.9067 	 0.8582 
109.3993 	 158.2364 	 1.0078 
109.4028 	 164.0299 	 0.9701 
109.4063 	 156.6667 	 0.9496 
109.4097 	 151.2687 	 0.9142 
109.4132 	 127.5000 	 0.8333 
109.4167 	 118.1086 	 1.0300 
109.4201 	 126.1154 	 1.0000 
109.4236 	 172.8839 	 1.1985 
109.4271 	 126.5385 	 1.0000 
109.4306 	 125.9363 	 1.3109 
109.4340 	 139.5192 	 0.8462 
109.4375 	 139.8127 	 0.9551 
109.4410 	 132.3654 	 1.0385 
109.4444 	 123.0337 	 1.1798 
109.4479 	 120.5577 	 1.2308 
109.4514 	 121.2594 	 1.0902 
109.4549 	 107.0769 	 1.0962 
109.4583 	 111.1466 	 0.9023 
109.4618 	 109.0961 	 1.0577 
109.4653 	 100.4135 	 0.8647 
109.4688 	 100.2115 	 0.8846 
109.4722 	 102.8759 	 0.9211 
109.4757 	 98.7739 	 0.8621 
109.4792 	 91.4286 	 0.6203 
109.4826 	 104.1763 	 0.9579 
109.4861 	 105.6579 	 1.1654 
109.4896 	 109.7318 	 1.0153 
109.4931 	 102.9511 	 1.1278 
109.4965 	 90.4023 	 0.8429 
109.5000 	 86.6917 	 1.1654 
109.5035 	 78.7739 	 0.9004 
109.5069 	 73.7358 	 1.0189 
109.5104 	 71.1686 	 0.8621 
109.5139 	 65.1321 	 0.9245 
109.5174 	 67.1073 	 1.3218 
109.5208 	 64.1698 	 0.7925 
109.5243 	 61.4943 	 0.9195 
109.5278 	 51.4528 	 0.7925 
109.5313 	 47.6437 	 0.6322 
109.5347 	 44.6792 	 0.6981 
109.5382 	 42.6908 	 0.7824 
109.5417 	 40.8333 	 0.8523 
109.5451 	 39.6958 	 0.8175 
109.5486 	 39.9432 	 0.8523 
109.5521 	 36.2167 	 0.9506 
109.5556 	 39.3939 	 0.7576 
109.5590 	 36.3118 	 0.7034 
109.5625 	 34.5437 	 0.5894 
109.5660 	 32.5095 	 0.8555 
109.5694 	 29.5817 	 0.9316 
109.5729 	 29.4487 	 0.6274 
109.5764 	 28.0418 	 0.8555 
109.5799 	 29.9430 	 0.7795 
109.5833 	 22.5285 	 0.7795 
109.5868 	 22.2624 	 0.6654 
109.5903 	 27.2243 	 0.8745 
109.5938 	 21.5720 	 0.8333 
109.5972 	 20.0760 	 0.6844 
109.6007 	 18.4848 	 0.8333 
109.6042 	 19.6578 	 0.7795 
109.6076 	 20.1326 	 0.8902 
109.6111 	 17.0532 	 0.6464 
109.6146 	 16.2311 	 0.7765 
109.6181 	 16.9656 	 0.7252 
109.6215 	 15.6250 	 0.6250 
109.6250 	 14.2557 	 0.5534 
109.6285 	 13.6364 	 0.3977 
109.6319 	 13.7214 	 0.8397 
109.6354 	 13.8636 	 0.8333 
109.6389 	 12.6718 	 0.4962 
109.6424 	 13.5606 	 1.0038 
109.6458 	 14.9427 	 0.9160 
109.6493 	 12.7925 	 0.6792 
109.6528 	 11.5840 	 0.7634 
109.6563 	 11.9623 	 0.6604 
109.6597 	 12.9119 	 0.5556 
109.6632 	 12.6880 	 0.8647 
109.6667 	 11.4368 	 0.7854 
109.6701 	 12.2932 	 0.5827 
109.6736 	 11.8077 	 0.6346 
109.6771 	 10.8271 	 0.6767 
109.6806 	 11.3269 	 0.6538 
109.6840 	 10.7707 	 0.6015 
109.6875 	 9.7500 	 0.6731 
109.6910 	 11.0526 	 0.6391 
109.6944 	 10.6346 	 0.8269 
109.6979 	 10.5263 	 0.6579 
109.7014 	 11.7885 	 0.8269 
109.7049 	 10.1124 	 0.7116 
109.7083 	 10.6923 	 0.6538 
109.7118 	 9.1386 	 0.4307 
109.7153 	 8.9808 	 0.7308 
109.7188 	 8.7828 	 0.6929 
109.7222 	 7.9808 	 0.7115 
109.7257 	 8.1461 	 0.6554 
109.7292 	 6.3707 	 0.6178 
109.7326 	 7.0225 	 0.5243 
109.7361 	 6.9305 	 0.4633 
109.7396 	 8.5019 	 0.5805 
109.7431 	 7.4131 	 0.6757 
109.7465 	 6.0300 	 0.6367 
109.7500 	 6.6409 	 0.5019 
109.7535 	 6.0300 	 0.7303 
109.7569 	 5.8880 	 0.8108 
109.7604 	 5.7463 	 0.6903 
109.7639 	 5.0386 	 0.6178 
109.7674 	 4.3843 	 0.7649 
109.7708 	 4.6332 	 0.7915 
109.7743 	 4.4776 	 0.6343 
109.7778 	 3.6680 	 0.6371 
109.7813 	 3.8433 	 0.4851 
109.7847 	 4.0272 	 0.5447 
109.7882 	 3.7918 	 0.3903 
109.7917 	 4.7860 	 0.8560 
109.7951 	 6.8401 	 0.8178 
109.7986 	 4.1440 	 0.7782 
109.8021 	 3.3457 	 0.5390 
109.8056 	 3.0156 	 0.5058 
109.8090 	 2.8067 	 0.6134 
109.8125 	 2.9767 	 0.6031 
109.8160 	 3.8704 	 0.5926 
109.8194 	 3.7160 	 0.4475 
109.8229 	 3.8148 	 0.5000 
109.8264 	 4.1051 	 0.5447 
109.8299 	 3.7407 	 0.6481 
109.8333 	 4.1051 	 0.6226 
109.8368 	 4.2778 	 0.4074 
109.8403 	 4.1211 	 0.6250 
109.8438 	 4.7222 	 0.5926 
109.8472 	 5.0586 	 0.5859 
109.8507 	 4.9074 	 0.6852 
109.8542 	 4.6484 	 0.7227 
109.8576 	 5.2963 	 0.5556 
109.8611 	 5.1953 	 0.4883 
109.8646 	 5.6481 	 0.4815 
109.8681 	 5.8594 	 0.6836 
109.8715 	 877.8624 	 1118.1970 
109.8750 	 5.3516 	 0.4102 
109.8785 	 5.3137 	 0.5166 
109.8819 	 5.5469 	 0.6641 
109.8854 	 5.5166 	 0.6089 
109.8889 	 6.8164 	 0.6641 
109.8924 	 5.3506 	 0.6642 
109.8958 	 5.9216 	 0.7451 
109.8993 	 5.9594 	 0.4059 
109.9028 	 6.4961 	 0.6102 
109.9063 	 7.2426 	 0.9007 
109.9097 	 6.2008 	 0.3740 
109.9132 	 5.9926 	 0.7537 
109.9167 	 6.8110 	 0.4724 
109.9201 	 5.8640 	 0.5331 
109.9236 	 8.0512 	 0.5906 
109.9271 	 7.0696 	 0.6044 
109.9306 	 6.6339 	 0.3740 
109.9340 	 7.1062 	 0.6777 
109.9375 	 6.3780 	 0.4724 
109.9410 	 7.0513 	 0.6410 
109.9444 	 6.3189 	 0.5709 
109.9479 	 7.9670 	 0.6593 
109.9514 	 6.3636 	 0.6522 
109.9549 	 6.5934 	 0.5311 
109.9583 	 6.7194 	 0.5336 
109.9618 	 8.0220 	 0.5861 
109.9653 	 8.7154 	 0.8498 
109.9688 	 9.1941 	 0.7143 
109.9722 	 9.1502 	 0.7510 
109.9757 	 10.4579 	 1.0073 
109.9792 	 9.2095 	 0.7312 
109.9826 	 8.5036 	 0.7482 
109.9861 	 10.7905 	 0.8498 
109.9896 	 9.0328 	 0.9489 
109.9931 	 9.5455 	 0.8696 
109.9965 	 9.0693 	 0.5109 
110.0000 	 7.8373 	 0.5754 
