Time-Day of Year 	 Electron flux 	 Proton flux 	 (Flux in the units of counts/sq cm.sec.sr) 
264.0035 	 1067.8541 	 2.2532 
264.0069 	 1039.4369 	 2.1502 
264.0104 	 1095.7725 	 2.0601 
264.0139 	 1196.1604 	 2.3720 
264.0174 	 1332.4145 	 2.1581 
264.0208 	 1215.3754 	 2.2867 
264.0243 	 1371.4957 	 2.6709 
264.0278 	 1261.5700 	 2.3891 
264.0313 	 1274.8504 	 2.5214 
264.0347 	 1301.9283 	 2.4915 
264.0382 	 1307.2863 	 2.4573 
264.0417 	 1361.1775 	 2.7133 
264.0451 	 1486.8103 	 2.4138 
264.0486 	 1470.1536 	 2.6792 
264.0521 	 1537.6609 	 2.7039 
264.0556 	 1531.5700 	 2.8840 
264.0590 	 1591.0300 	 2.9399 
264.0625 	 1618.4300 	 2.6280 
264.0660 	 1536.9957 	 2.4249 
264.0694 	 1526.5358 	 2.6621 
264.0729 	 1581.4744 	 2.7778 
264.0764 	 1590.3584 	 2.6451 
264.0799 	 1645.6197 	 2.3077 
264.0833 	 1644.2321 	 2.5427 
264.0868 	 1694.0171 	 2.7564 
264.0903 	 1709.1809 	 2.9010 
264.0938 	 1818.4402 	 2.6923 
264.0972 	 1753.6519 	 2.8157 
264.1007 	 1824.7425 	 3.0472 
264.1042 	 1898.0034 	 2.6792 
264.1076 	 1968.4120 	 2.5751 
264.1111 	 1989.9147 	 2.8157 
264.1146 	 2065.1073 	 2.7897 
264.1181 	 2126.6553 	 2.5597 
264.1215 	 2186.5236 	 2.4464 
264.1250 	 2158.8737 	 2.5085 
264.1285 	 2249.4017 	 2.8419 
264.1319 	 2267.1160 	 2.9352 
264.1354 	 2192.8846 	 2.4145 
264.1389 	 2307.7645 	 3.0717 
264.1424 	 2366.5385 	 2.5641 
264.1458 	 2512.2867 	 2.9352 
264.1493 	 2619.4872 	 3.3120 
264.1528 	 2471.7577 	 3.0375 
264.1563 	 2431.0944 	 2.7468 
264.1597 	 2471.4846 	 3.0375 
264.1632 	 2447.4034 	 3.3047 
264.1667 	 2551.0580 	 2.7645 
264.1701 	 2553.9700 	 3.1116 
264.1736 	 2627.2945 	 3.0479 
264.1771 	 2813.8412 	 3.4335 
264.1806 	 2817.0137 	 2.8328 
264.1840 	 2862.6709 	 2.9487 
264.1875 	 2911.5017 	 3.3959 
264.1910 	 2880.8974 	 3.3974 
264.1944 	 2941.3993 	 3.1058 
264.1979 	 2907.6496 	 2.9060 
264.2014 	 2885.8532 	 2.7986 
264.2049 	 2876.5598 	 2.7991 
264.2083 	 2875.6485 	 3.0546 
264.2118 	 2942.5107 	 2.8541 
264.2153 	 2954.0102 	 3.2423 
264.2188 	 2970.1288 	 3.3047 
264.2222 	 3070.9898 	 2.7133 
264.2257 	 3065.3648 	 3.1760 
264.2292 	 3022.9181 	 2.9010 
264.2326 	 3076.2017 	 3.3476 
264.2361 	 3134.8805 	 3.1058 
264.2396 	 3237.7350 	 3.4402 
264.2431 	 3272.2355 	 3.3106 
264.2465 	 3246.3462 	 2.8205 
264.2500 	 3272.3720 	 2.9181 
264.2535 	 3442.1368 	 3.2479 
264.2569 	 3383.9932 	 2.7645 
264.2604 	 3469.3162 	 3.2906 
264.2639 	 3407.9010 	 2.7986 
264.2674 	 3400.0858 	 3.2833 
264.2708 	 3576.4164 	 2.9010 
264.2743 	 3439.6137 	 3.4549 
264.2778 	 3466.5188 	 3.1058 
264.2813 	 3513.4764 	 2.8326 
264.2847 	 3249.5051 	 3.0717 
264.2882 	 3285.1931 	 3.3906 
264.2917 	 3317.1502 	 3.3106 
264.2951 	 3248.2692 	 3.6111 
264.2986 	 3289.0102 	 3.5154 
264.3021 	 3338.5837 	 3.3047 
264.3056 	 3224.4077 	 3.3101 
264.3090 	    NaN 	    NaN 
264.3125 	    NaN 	    NaN 
264.3160 	    NaN 	    NaN 
264.3194 	    NaN 	    NaN 
264.3229 	    NaN 	    NaN 
264.3264 	    NaN 	    NaN 
264.3299 	    NaN 	    NaN 
264.3333 	    NaN 	    NaN 
264.3368 	    NaN 	    NaN 
264.3403 	    NaN 	    NaN 
264.3438 	    NaN 	    NaN 
264.3472 	    NaN 	    NaN 
264.3507 	    NaN 	    NaN 
264.3542 	    NaN 	    NaN 
264.3576 	 2259.7115 	 4.3269 
264.3611 	 2241.7065 	 2.6792 
264.3646 	 2191.2393 	 2.8846 
264.3681 	 2133.4130 	 2.5768 
264.3715 	 2061.7735 	 2.8632 
264.3750 	 2056.0580 	 2.6792 
264.3785 	 2019.0773 	 2.6824 
264.3819 	 2063.8225 	 2.6280 
264.3854 	 2108.8841 	 2.6395 
264.3889 	 2060.9386 	 2.2526 
264.3924 	 2027.4893 	 2.7682 
264.3958 	 1998.5666 	 2.8498 
264.3993 	 1835.7296 	 2.3176 
264.4028 	 1781.4334 	 2.3379 
264.4063 	 1772.0940 	 2.5214 
264.4097 	 1789.7440 	 2.3379 
264.4132 	 1703.9103 	 2.4359 
264.4167 	 1624.6587 	 2.3549 
264.4201 	 1574.6154 	 2.3291 
264.4236 	 1619.9488 	 2.3891 
264.4271 	 1520.6410 	 2.2863 
264.4306 	 1494.0582 	 2.2603 
264.4340 	 1366.6094 	 2.2747 
264.4375 	 1338.2082 	 2.3379 
264.4410 	 1395.0000 	 2.4249 
264.4444 	 1242.9863 	 2.2355 
264.4479 	 1325.7940 	 2.8112 
264.4514 	 1217.1502 	 2.0648 
264.4549 	 1309.7854 	 2.4678 
264.4583 	 1272.6962 	 2.1502 
264.4618 	 1270.9188 	 2.7137 
264.4653 	 1206.8430 	 2.5939 
264.4688 	 1182.2009 	 2.1795 
264.4722 	 1185.8703 	 2.4061 
264.4757 	 1161.5171 	 2.2863 
264.4792 	 1143.5154 	 2.3208 
264.4826 	 1095.9402 	 2.3504 
264.4861 	 1077.2696 	 2.4061 
264.4896 	 1000.4506 	 2.1888 
264.4931 	 996.9283 	 2.1331 
264.4965 	 962.5966 	 1.9957 
264.5000 	 986.2287 	 2.1502 
264.5035 	 939.1845 	 2.3176 
264.5069 	 894.3345 	 2.1502 
264.5104 	 826.6524 	 2.4893 
264.5139 	 756.4846 	 2.0307 
264.5174 	 691.3675 	 1.8376 
264.5208 	 697.5597 	 2.3038 
264.5243 	 723.8248 	 2.2650 
264.5278 	 729.9659 	 2.1160 
264.5313 	 695.8120 	 2.1581 
264.5347 	 669.8976 	 2.1502 
264.5382 	 745.7051 	 2.3291 
264.5417 	 733.3106 	 2.2696 
264.5451 	 721.7597 	 2.7468 
264.5486 	 682.0819 	 2.0819 
264.5521 	 689.4635 	 2.5966 
264.5556 	 624.2150 	 1.8601 
264.5590 	 628.8793 	 2.1983 
264.5625 	 624.4539 	 2.5768 
264.5660 	 625.2790 	 2.4249 
264.5694 	 626.0751 	 2.3891 
264.5729 	 617.5214 	 2.3077 
264.5764 	 628.0034 	 2.4573 
264.5799 	 658.5684 	 2.9274 
264.5833 	 746.6041 	 2.8669 
264.5868 	 704.5513 	 1.8376 
264.5903 	 680.6485 	 1.9795 
264.5938 	 635.3004 	 1.7597 
264.5972 	 639.2150 	 2.4232 
264.6007 	 626.8026 	 1.9528 
264.6042 	 598.8908 	 1.9283 
264.6076 	 625.9871 	 2.5751 
264.6111 	 578.5495 	 2.2184 
264.6146 	 566.6524 	 2.0172 
264.6181 	 580.4778 	 2.2355 
264.6215 	 475.1288 	 2.2103 
264.6250 	 492.8328 	 1.9966 
264.6285 	 515.3846 	 1.9658 
264.6319 	 537.0990 	 2.1672 
264.6354 	 527.1795 	 2.0940 
264.6389 	 548.7884 	 2.2014 
264.6424 	 569.0385 	 2.6923 
264.6458 	 617.5085 	 2.6451 
264.6493 	 632.1030 	 2.2103 
264.6528 	 608.6860 	 2.5597 
264.6563 	 606.1159 	 2.6180 
264.6597 	 618.1058 	 2.5256 
264.6632 	 642.7682 	 2.5322 
264.6667 	 663.6860 	 2.2526 
264.6701 	 673.2618 	 2.3176 
264.6736 	 692.2696 	 2.4061 
264.6771 	 688.8841 	 2.4464 
264.6806 	 690.1707 	 2.1331 
264.6840 	 667.6496 	 2.6068 
264.6875 	 678.2363 	 2.3459 
264.6910 	 639.1026 	 2.5855 
264.6944 	 623.8737 	 2.6109 
264.6979 	 614.9786 	 2.3291 
264.7014 	 616.0239 	 2.4744 
264.7049 	 585.7296 	 2.5751 
264.7083 	 569.2491 	 2.4744 
264.7118 	 517.5322 	 2.2103 
264.7153 	 504.4198 	 2.1160 
264.7188 	 533.2403 	 3.1760 
264.7222 	 518.8055 	 2.2867 
264.7257 	 491.4163 	 2.7468 
264.7292 	 489.8464 	 2.2014 
264.7326 	 501.8240 	 2.7468 
264.7361 	 508.8567 	 2.6451 
264.7396 	 536.1111 	 3.2265 
264.7431 	 528.4812 	 3.1058 
264.7465 	 530.1496 	 2.7564 
264.7500 	 522.9010 	 3.0375 
264.7535 	 494.7650 	 2.8205 
264.7569 	 469.8976 	 2.3720 
264.7604 	 466.5021 	 2.7253 
264.7639 	 453.4983 	 2.5256 
264.7674 	 454.8712 	 2.2961 
264.7708 	 425.9215 	 2.4915 
264.7743 	 408.3047 	 2.3176 
264.7778 	 390.8703 	 2.2014 
264.7813 	 380.5579 	 2.0172 
264.7847 	 388.1058 	 2.0137 
264.7882 	 385.3004 	 2.2103 
264.7917 	 371.9454 	 2.1331 
264.7951 	 436.3889 	 2.3291 
264.7986 	 390.4608 	 2.2696 
264.8021 	 377.3504 	 2.3504 
264.8056 	 374.0102 	 1.9625 
264.8090 	 432.9060 	 2.2009 
264.8125 	 465.5631 	 1.9113 
264.8160 	 500.7543 	 2.0474 
264.8194 	 508.5324 	 2.2184 
264.8229 	 488.3906 	 2.8112 
264.8264 	 500.6143 	 2.3038 
264.8299 	 517.5751 	 2.3391 
264.8333 	 549.0444 	 2.2696 
264.8368 	 538.7983 	 2.2747 
264.8403 	 539.9147 	 2.5768 
264.8438 	 491.2017 	 2.3176 
264.8472 	 502.9010 	 1.7918 
264.8507 	 485.5983 	 2.2650 
264.8542 	 504.9829 	 2.2867 
264.8576 	 513.2051 	 1.9231 
264.8611 	 494.6928 	 1.8089 
264.8646 	 499.6795 	 2.1154 
264.8681 	 495.7167 	 1.8942 
264.8715 	 498.3476 	 2.2318 
264.8750 	 480.7338 	 1.9454 
264.8785 	 446.1373 	 1.9099 
264.8819 	 409.7782 	 1.9454 
264.8854 	 431.6309 	 1.9528 
264.8889 	 470.1877 	 2.3208 
264.8924 	 504.2919 	 1.6309 
264.8958 	 534.1126 	 1.6553 
264.8993 	 565.1502 	 2.1459 
264.9028 	 603.7201 	 1.8089 
264.9063 	 586.4316 	 1.7308 
264.9097 	 603.8737 	 1.7918 
264.9132 	 575.8547 	 1.6880 
264.9167 	 597.0136 	 1.7065 
264.9201 	 627.9274 	 1.5171 
264.9236 	 614.2833 	 1.6041 
264.9271 	 606.5665 	 1.4592 
264.9306 	 570.7679 	 1.7065 
264.9340 	 572.7682 	 1.7167 
264.9375 	 561.4505 	 1.7918 
264.9410 	 549.5905 	 1.2500 
264.9444 	 579.4710 	 1.6894 
264.9479 	 607.3605 	 1.4807 
264.9514 	 633.6860 	 1.6894 
264.9549 	 653.5408 	 2.0172 
264.9583 	 673.0887 	 1.5358 
264.9618 	 732.2222 	 1.8162 
264.9653 	 762.0990 	 1.6382 
264.9688 	 866.0470 	 1.7094 
264.9722 	 902.5256 	 1.5188 
264.9757 	 954.8718 	 2.1581 
264.9792 	 970.0171 	 1.8430 
264.9826 	 1025.4292 	 2.0815 
264.9861 	 1043.8396 	 2.0137 
264.9896 	 1046.0730 	 1.9099 
264.9931 	 1075.8020 	 1.8089 
264.9965 	 1093.2403 	 1.9099 
265.0000 	 1084.6747 	 1.8151 
