Time-Day of Year 	 Electron flux 	 Proton flux 	 (Flux in the units of counts/sq cm.sec.sr) 
347.0035 	 21.1263 	 0.8191 
347.0069 	 21.6239 	 1.1966 
347.0104 	 20.4266 	 1.1433 
347.0139 	 20.7479 	 0.8120 
347.0174 	 20.4949 	 0.9727 
347.0208 	 21.1538 	 1.1966 
347.0243 	 22.2014 	 1.3311 
347.0278 	 21.8884 	 1.3519 
347.0313 	 22.4744 	 1.0751 
347.0347 	 23.3476 	 1.2017 
347.0382 	 25.0512 	 1.5358 
347.0417 	 24.8283 	 0.8584 
347.0451 	 26.3311 	 1.1263 
347.0486 	 27.2532 	 1.0086 
347.0521 	 28.3106 	 1.2969 
347.0556 	 29.3777 	 1.2446 
347.0590 	 31.7065 	 1.1433 
347.0625 	 32.2318 	 1.0300 
347.0660 	 30.5290 	 1.1604 
347.0694 	 32.4786 	 1.4316 
347.0729 	 33.7031 	 1.2799 
347.0764 	 35.6838 	 1.5385 
347.0799 	 35.9727 	 1.4164 
347.0833 	 36.3305 	 1.5665 
347.0868 	 35.0683 	 1.3140 
347.0903 	 36.7167 	 1.3734 
347.0938 	 36.1604 	 1.2628 
347.0972 	 37.9828 	 1.3090 
347.1007 	 39.1126 	 1.5358 
347.1042 	 35.7725 	 1.0730 
347.1076 	 37.4232 	 1.1604 
347.1111 	 45.1288 	 1.5021 
347.1146 	 44.2491 	 1.0922 
347.1181 	 44.1026 	 1.3462 
347.1215 	 50.9727 	 1.2457 
347.1250 	 51.4316 	 1.5171 
347.1285 	 47.5085 	 1.0922 
347.1319 	 45.0214 	 1.4316 
347.1354 	 46.2457 	 1.4505 
347.1389 	 42.3176 	 1.0944 
347.1424 	 43.6689 	 1.1775 
347.1458 	 45.2361 	 1.2446 
347.1493 	 48.3788 	 1.4846 
347.1528 	 50.8798 	 1.1803 
347.1563 	 54.2150 	 1.3140 
347.1597 	 62.3605 	 1.3734 
347.1632 	 64.1809 	 1.3311 
347.1667 	 63.6910 	 1.3090 
347.1701 	 61.7406 	 1.3823 
347.1736 	 64.3803 	 1.4316 
347.1771 	 66.2116 	 1.2287 
347.1806 	 65.5365 	 1.1803 
347.1840 	 66.2799 	 1.3823 
347.1875 	 70.9615 	 1.5385 
347.1910 	 71.8259 	 1.2628 
347.1944 	 73.6266 	 1.3519 
347.1979 	 69.9829 	 1.3481 
347.2014 	 73.0687 	 1.8240 
347.2049 	 73.6177 	 1.2799 
347.2083 	 67.2532 	 1.4592 
347.2118 	 75.9727 	 1.3481 
347.2153 	 73.0043 	 1.6524 
347.2188 	 75.7338 	 1.4676 
347.2222 	 72.6395 	 1.5236 
347.2257 	 72.6451 	 1.0580 
347.2292 	 75.4060 	 1.6667 
347.2326 	 74.9659 	 1.5358 
347.2361 	 69.4017 	 1.4744 
347.2396 	 71.0239 	 1.4505 
347.2431 	 72.8846 	 1.3034 
347.2465 	 69.3629 	 1.2741 
347.2500 	 72.4573 	 1.2393 
347.2535 	 71.5358 	 1.4334 
347.2569 	 72.1030 	 1.5451 
347.2604 	 70.2048 	 1.2969 
347.2639 	 64.3348 	 1.0730 
347.2674 	 62.3038 	 1.1604 
347.2708 	 68.9914 	 1.0730 
347.2743 	 63.8055 	 1.2116 
347.2778 	 70.6867 	 1.3090 
347.2813 	 65.3072 	 1.4334 
347.2847 	 65.0855 	 1.4530 
347.2882 	 59.1980 	 1.3140 
347.2917 	 52.3932 	 1.1966 
347.2951 	 67.0205 	 1.3185 
347.2986 	 64.7222 	 1.4103 
347.3021 	 62.6109 	 1.3311 
347.3056 	 64.2949 	 1.4957 
347.3090 	 66.5188 	 1.2969 
347.3125 	 65.2575 	 1.3734 
347.3160 	 60.3754 	 1.4846 
347.3194 	 58.0472 	 1.4163 
347.3229 	 61.2116 	 1.3311 
347.3264 	 62.6395 	 1.5665 
347.3299 	 64.5734 	 1.3140 
347.3333 	 66.3090 	 1.3305 
347.3368 	 66.6041 	 1.3993 
347.3403 	 61.7949 	 1.1538 
347.3438 	 58.8225 	 1.2799 
347.3472 	 60.1068 	 1.4316 
347.3507 	 56.4334 	 1.2628 
347.3542 	 55.2778 	 1.4530 
347.3576 	 59.2491 	 1.7235 
347.3611 	 58.5470 	 1.2393 
347.3646 	 58.6007 	 1.1433 
347.3681 	 56.8670 	 1.3734 
347.3715 	 56.3311 	 1.6041 
347.3750 	 54.3562 	 1.4807 
347.3785 	 51.6724 	 1.3140 
347.3819 	 48.8412 	 1.0730 
347.3854 	 49.5051 	 1.4164 
347.3889 	 45.8584 	 1.3305 
347.3924 	 45.3584 	 1.1433 
347.3958 	 47.0172 	 1.4807 
347.3993 	 43.2935 	 1.2116 
347.4028 	 44.6795 	 1.1752 
347.4063 	 52.3549 	 1.4334 
347.4097 	 49.4658 	 1.2607 
347.4132 	 46.9863 	 1.0959 
347.4167 	 46.8590 	 1.0684 
347.4201 	 47.3720 	 1.1945 
347.4236 	 44.9571 	 1.3090 
347.4271 	 44.5392 	 1.2799 
347.4306 	 42.4464 	 1.0944 
347.4340 	 42.3208 	 1.1263 
347.4375 	 39.8069 	 1.2661 
347.4410 	 42.4061 	 1.3993 
347.4444 	 39.8069 	 1.0944 
347.4479 	 38.6177 	 1.0922 
347.4514 	 36.0730 	 1.4592 
347.4549 	 37.3208 	 1.5358 
347.4583 	 35.8120 	 1.0684 
347.4618 	 34.9659 	 1.1433 
347.4653 	 32.9060 	 0.9829 
347.4688 	 30.2560 	 1.2287 
347.4722 	 28.7393 	 1.1752 
347.4757 	 27.2355 	 1.0751 
347.4792 	 26.7811 	 1.3090 
347.4826 	 24.9829 	 0.9386 
347.4861 	 21.3734 	 0.8155 
347.4896 	 18.0887 	 0.9044 
347.4931 	 19.2918 	 1.0300 
347.4965 	 19.8294 	 1.3652 
347.5000 	 20.1288 	 1.2232 
347.5035 	 17.7816 	 1.0410 
347.5069 	 16.2876 	 0.9013 
347.5104 	 15.6655 	 1.0410 
347.5139 	 18.3120 	 1.0684 
347.5174 	 16.1433 	 0.8874 
347.5208 	 15.0214 	 1.3462 
347.5243 	 14.3345 	 0.6485 
347.5278 	 14.8718 	 1.1111 
347.5313 	 13.2705 	 1.0274 
347.5347 	 14.6352 	 1.0515 
347.5382 	 14.4198 	 1.1092 
347.5417 	 14.1202 	 0.7511 
347.5451 	 15.2901 	 1.1263 
347.5486 	 16.0944 	 0.7511 
347.5521 	 12.7986 	 0.9898 
347.5556 	 13.1330 	 0.9657 
347.5590 	 12.8669 	 1.1775 
347.5625 	 12.3820 	 1.1159 
347.5660 	 12.4403 	 0.8020 
347.5694 	 13.3333 	 0.9829 
347.5729 	 12.4744 	 1.1263 
347.5764 	 10.2564 	 1.0256 
347.5799 	 9.2321 	 0.9044 
347.5833 	 8.5256 	 0.9615 
347.5868 	 7.5256 	 0.5802 
347.5903 	 7.6609 	 0.8369 
347.5938 	 7.4573 	 0.6143 
347.5972 	 8.0472 	 0.7725 
347.6007 	 8.4130 	 0.8703 
347.6042 	 9.5923 	 0.9227 
347.6076 	 8.1741 	 0.8191 
347.6111 	 7.1245 	 0.8369 
347.6146 	 7.0819 	 0.8362 
347.6181 	 7.7253 	 0.6867 
347.6215 	 6.8771 	 0.9898 
347.6250 	 6.9444 	 0.9188 
347.6285 	 7.6621 	 0.8532 
347.6319 	 6.4103 	 0.7051 
347.6354 	 7.0819 	 0.8362 
347.6389 	 6.8590 	 0.8120 
347.6424 	 7.4573 	 0.8191 
347.6458 	 8.4979 	 0.7082 
347.6493 	 10.3253 	 0.7705 
347.6528 	 10.7940 	 0.9013 
347.6563 	 11.7235 	 0.8362 
347.6597 	 11.3949 	 1.0300 
347.6632 	 11.6212 	 0.9215 
347.6667 	 11.9742 	 0.8798 
347.6701 	 11.4334 	 0.9898 
347.6736 	 10.7511 	 0.7940 
347.6771 	 12.5768 	 0.8020 
347.6806 	 12.0299 	 1.0043 
347.6840 	 12.0307 	 0.8532 
347.6875 	 12.6709 	 0.9615 
347.6910 	 14.1297 	 0.8191 
347.6944 	 14.2521 	 0.7051 
347.6979 	 15.6655 	 0.8703 
347.7014 	 15.6223 	 1.2661 
347.7049 	 14.9317 	 0.8703 
347.7083 	 14.8927 	 0.8798 
347.7118 	 15.9727 	 0.9898 
347.7153 	 16.7167 	 0.7511 
347.7188 	 15.5631 	 0.9727 
347.7222 	 15.1717 	 0.9657 
347.7257 	 16.6724 	 1.1263 
347.7292 	 15.9227 	 0.9657 
347.7326 	 14.8635 	 0.9386 
347.7361 	 13.2051 	 1.1325 
347.7396 	 14.0102 	 0.9215 
347.7431 	 11.9231 	 0.9402 
347.7465 	 14.7099 	 0.9727 
347.7500 	 11.8376 	 0.9829 
347.7535 	 12.2184 	 1.0410 
347.7569 	 11.2232 	 1.1803 
347.7604 	 11.1433 	 0.9898 
347.7639 	 11.0560 	 0.8621 
347.7674 	 9.7099 	 0.7850 
347.7708 	 9.0558 	 1.0300 
347.7743 	 10.8020 	 0.9727 
347.7778 	 18.0472 	 1.0730 
347.7813 	 18.7713 	 0.8874 
347.7847 	 19.6352 	 1.1159 
347.7882 	 20.4437 	 0.8020 
347.7917 	 18.6966 	 1.3034 
347.7951 	 20.5290 	 0.9727 
347.7986 	 21.2179 	 1.5171 
347.8021 	 22.7304 	 0.8703 
347.8056 	 24.8291 	 1.1325 
347.8090 	 26.4334 	 1.3140 
347.8125 	 26.0043 	 1.0470 
347.8160 	 23.6177 	 0.7850 
347.8194 	 24.0343 	 0.8369 
347.8229 	 22.5427 	 1.0751 
347.8264 	 23.2403 	 0.7296 
347.8299 	 20.2901 	 0.9727 
347.8333 	 20.0644 	 1.2017 
347.8368 	 22.3038 	 1.2116 
347.8403 	 23.4120 	 1.2232 
347.8438 	 22.9010 	 0.9556 
347.8472 	 22.5000 	 1.3034 
347.8507 	 22.9693 	 1.0239 
347.8542 	 22.1581 	 1.3034 
347.8576 	 22.0307 	 1.1945 
347.8611 	 21.8803 	 1.0256 
347.8646 	 20.3584 	 1.0068 
347.8681 	 16.7094 	 1.0897 
347.8715 	 17.5939 	 0.6826 
347.8750 	 19.1631 	 1.2446 
347.8785 	 19.2466 	 0.8904 
347.8819 	 20.0000 	 0.9657 
347.8854 	 20.8020 	 1.1433 
347.8889 	 21.0944 	 1.0515 
347.8924 	 19.8464 	 1.0239 
347.8958 	 19.3777 	 0.9442 
347.8993 	 20.3584 	 1.0751 
347.9028 	 20.7479 	 1.1325 
347.9063 	 19.9659 	 1.1092 
347.9097 	 20.8974 	 1.1111 
347.9132 	 21.6382 	 1.0068 
347.9167 	 20.2137 	 0.8761 
347.9201 	 21.1263 	 1.1433 
347.9236 	 21.3034 	 1.0470 
347.9271 	 22.6792 	 1.0239 
347.9306 	 24.1631 	 1.2876 
347.9340 	 22.5085 	 1.0751 
347.9375 	 24.5494 	 1.0515 
347.9410 	 25.7338 	 1.1945 
347.9444 	 27.5751 	 1.0515 
347.9479 	 26.5870 	 1.3481 
347.9514 	 28.8197 	 1.0730 
347.9549 	 28.7884 	 0.9898 
347.9583 	 25.8547 	 1.0684 
347.9618 	 26.6041 	 1.0922 
347.9653 	 27.7564 	 0.9829 
347.9688 	 26.7577 	 1.2628 
347.9722 	 27.4145 	 1.3462 
347.9757 	 27.3549 	 1.0580 
347.9792 	 28.9530 	 1.3034 
347.9826 	 26.5188 	 1.3823 
347.9861 	 25.0000 	 1.1803 
347.9896 	 28.8055 	 1.0410 
347.9931 	 28.6266 	 1.1373 
347.9965 	 32.1062 	 1.3014 
348.0000 	 34.0343 	 1.0515 
