Time-Day of Year 	 Electron flux 	 Proton flux 	 (Flux in the units of counts/sq cm.sec.sr) 
48.0035 	 4.5222 	 0.6997 
48.0069 	 5.1717 	 0.9871 
48.0104 	 5.5973 	 0.7850 
48.0139 	 5.7296 	 0.7296 
48.0174 	 4.8464 	 0.8362 
48.0208 	 4.3133 	 0.7082 
48.0243 	 4.9659 	 0.9044 
48.0278 	 5.1068 	 0.7265 
48.0313 	 4.6747 	 0.6678 
48.0347 	 5.5983 	 0.6197 
48.0382 	 5.3925 	 0.7338 
48.0417 	 5.6197 	 0.4274 
48.0451 	 6.5188 	 0.8020 
48.0486 	 6.0300 	 0.7296 
48.0521 	 6.7747 	 0.9386 
48.0556 	 5.7511 	 0.8798 
48.0590 	 6.0922 	 0.5973 
48.0625 	 6.9528 	 0.8798 
48.0660 	 7.1843 	 0.6314 
48.0694 	 6.6738 	 0.9013 
48.0729 	 6.7918 	 0.9386 
48.0764 	 6.8026 	 0.8155 
48.0799 	 7.7304 	 0.7679 
48.0833 	 7.4359 	 0.8761 
48.0868 	 6.9113 	 0.8874 
48.0903 	 7.3291 	 0.8974 
48.0938 	 6.5870 	 0.7338 
48.0972 	 6.9658 	 0.9188 
48.1007 	 8.2423 	 1.0922 
48.1042 	 8.0258 	 0.9871 
48.1076 	 9.1297 	 0.8020 
48.1111 	 10.0644 	 0.8798 
48.1146 	 11.4846 	 0.8020 
48.1181 	 10.5794 	 1.1373 
48.1215 	 10.8020 	 0.8532 
48.1250 	 9.3991 	 0.8155 
48.1285 	 10.1365 	 0.9556 
48.1319 	 10.1931 	 0.8584 
48.1354 	 10.5631 	 0.6997 
48.1389 	 10.9829 	 1.0256 
48.1424 	 11.8089 	 1.0922 
48.1458 	 13.4829 	 1.1111 
48.1493 	 13.4130 	 0.9556 
48.1528 	 13.9700 	 0.9227 
48.1563 	 13.2935 	 0.9386 
48.1597 	 13.9700 	 1.3090 
48.1632 	 14.8805 	 1.0410 
48.1667 	 17.1245 	 1.0515 
48.1701 	 17.5597 	 1.0410 
48.1736 	 19.2060 	 1.1159 
48.1771 	 19.7611 	 0.9727 
48.1806 	 19.1631 	 0.9871 
48.1840 	 20.2901 	 1.0751 
48.1875 	 20.6652 	 1.0944 
48.1910 	 22.1331 	 1.1433 
48.1944 	 22.7564 	 0.9402 
48.1979 	 23.4642 	 1.4676 
48.2014 	 23.7607 	 1.4744 
48.2049 	 22.1672 	 1.1263 
48.2083 	 20.4274 	 0.9402 
48.2118 	 18.0887 	 1.0751 
48.2153 	 17.4034 	 1.3090 
48.2188 	 19.7782 	 1.0239 
48.2222 	 40.0215 	 1.2017 
48.2257 	 69.6416 	 1.8430 
48.2292 	 76.2876 	 1.4378 
48.2326 	 81.3652 	 1.9966 
48.2361 	 87.5751 	 1.5665 
48.2396 	 81.9795 	 1.7747 
48.2431 	 80.5365 	 1.8026 
48.2465 	 76.6894 	 1.2969 
48.2500 	 81.2821 	 1.1538 
48.2535 	 94.0956 	 1.6382 
48.2569 	 98.8675 	 1.6239 
48.2604 	 96.7406 	 1.3993 
48.2639 	 96.0470 	 1.2821 
48.2674 	 89.2833 	 1.6212 
48.2708 	 82.2414 	 1.6810 
48.2743 	 79.2150 	 1.3311 
48.2778 	 85.8798 	 1.3305 
48.2813 	 82.4061 	 1.4846 
48.2847 	 88.5193 	 1.0944 
48.2882 	 87.0307 	 1.3993 
48.2917 	 86.2661 	 1.3734 
48.2951 	 100.5290 	 1.6553 
48.2986 	 103.0901 	 1.3519 
48.3021 	 92.4744 	 1.2457 
48.3056 	 91.0684 	 1.4530 
48.3090 	 90.0341 	 1.6894 
48.3125 	 76.9872 	 1.3462 
48.3160 	 76.6894 	 1.6894 
48.3194 	 81.3034 	 1.5385 
48.3229 	 80.0853 	 1.8601 
48.3264 	 72.3605 	 1.5021 
48.3299 	 72.4403 	 1.5188 
48.3333 	 68.4120 	 1.6309 
48.3368 	 75.1024 	 1.2799 
48.3403 	 73.3691 	 1.2232 
48.3438 	 75.0683 	 1.7235 
48.3472 	 78.8841 	 1.0730 
48.3507 	 81.4676 	 1.5700 
48.3542 	 84.0987 	 1.2661 
48.3576 	 83.7031 	 1.8430 
48.3611 	 85.1068 	 1.4103 
48.3646 	 79.3857 	 1.4334 
48.3681 	 77.6923 	 0.9615 
48.3715 	 75.6314 	 1.4164 
48.3750 	 71.1752 	 1.5171 
48.3785 	 70.2901 	 1.3481 
48.3819 	 70.8798 	 1.5880 
48.3854 	 69.6758 	 1.3481 
48.3889 	 68.0901 	 1.7811 
48.3924 	 62.2603 	 1.6610 
48.3958 	 62.7253 	 1.6309 
48.3993 	 62.9522 	 1.5529 
48.4028 	 70.7082 	 1.3305 
48.4063 	 71.1945 	 1.2116 
48.4097 	 70.1288 	 1.3090 
48.4132 	 71.5870 	 1.4505 
48.4167 	 70.7051 	 1.2607 
48.4201 	 72.7645 	 1.2799 
48.4236 	 75.0641 	 1.3675 
48.4271 	 79.8123 	 1.4164 
48.4306 	 78.8675 	 1.1752 
48.4340 	 65.9386 	 1.3993 
48.4375 	 60.1502 	 1.3948 
48.4410 	 64.6587 	 1.3481 
48.4444 	 66.3519 	 1.1588 
48.4479 	 71.9966 	 1.2969 
48.4514 	 75.1288 	 1.2446 
48.4549 	 71.2457 	 1.3311 
48.4583 	 63.3476 	 1.1373 
48.4618 	 68.4471 	 1.4676 
48.4653 	 65.5579 	 1.7167 
48.4688 	 56.2116 	 1.3311 
48.4722 	 67.3077 	 1.2607 
48.4757 	 69.9829 	 1.1263 
48.4792 	 72.4786 	 0.9402 
48.4826 	 69.5734 	 1.2799 
48.4861 	 72.1154 	 1.4103 
48.4896 	 70.3925 	 1.1263 
48.4931 	 67.9274 	 1.0256 
48.4965 	 76.4164 	 1.3140 
48.5000 	 75.5365 	 1.3734 
48.5035 	 71.5358 	 1.1945 
48.5069 	 64.8498 	 1.0300 
48.5104 	 66.5358 	 1.2287 
48.5139 	 62.9957 	 1.0776 
48.5174 	 62.3891 	 1.0410 
48.5208 	 64.3133 	 1.2446 
48.5243 	 68.0887 	 1.2969 
48.5278 	 61.2821 	 1.2179 
48.5313 	 50.9044 	 1.2969 
48.5347 	 40.5769 	 1.0043 
48.5382 	 26.3652 	 1.2116 
48.5417 	 27.4145 	 1.2393 
48.5451 	 26.8942 	 0.9898 
48.5486 	 19.5726 	 1.0470 
48.5521 	 18.2423 	 1.1263 
48.5556 	 17.7253 	 1.0300 
48.5590 	 19.3345 	 1.0751 
48.5625 	 19.5708 	 0.9013 
48.5660 	 25.4949 	 1.1945 
48.5694 	 25.4077 	 1.0515 
48.5729 	 31.7406 	 1.3823 
48.5764 	 28.5837 	 0.9657 
48.5799 	 25.1195 	 1.0580 
48.5833 	 24.5299 	 1.1752 
48.5868 	 25.4096 	 0.8362 
48.5903 	 29.2735 	 1.1538 
48.5938 	 26.6894 	 1.2287 
48.5972 	 28.2692 	 1.0470 
48.6007 	 25.0683 	 1.2628 
48.6042 	 24.4231 	 1.0470 
48.6076 	 22.4061 	 1.1263 
48.6111 	 25.4506 	 1.2446 
48.6146 	 23.5666 	 1.2457 
48.6181 	 19.6781 	 1.1588 
48.6215 	 21.3823 	 1.3140 
48.6250 	 21.8240 	 0.8798 
48.6285 	 21.0068 	 1.2116 
48.6319 	 19.2489 	 1.1803 
48.6354 	 20.5290 	 1.1775 
48.6389 	 20.9442 	 1.3090 
48.6424 	 19.2321 	 1.0410 
48.6458 	 18.4402 	 1.0897 
48.6493 	 17.9010 	 0.9044 
48.6528 	 18.9103 	 1.1538 
48.6563 	 15.7167 	 0.8362 
48.6597 	 16.4530 	 1.0897 
48.6632 	 15.6314 	 0.9727 
48.6667 	 14.1845 	 1.1803 
48.6701 	 14.5563 	 1.3652 
48.6736 	 13.1330 	 1.0086 
48.6771 	 14.1126 	 1.1945 
48.6806 	 13.9700 	 1.0086 
48.6840 	 12.7304 	 0.9898 
48.6875 	 12.2103 	 1.1803 
48.6910 	 12.5597 	 1.0068 
48.6944 	 13.5043 	 1.1966 
48.6979 	 12.6621 	 0.8874 
48.7014 	 12.3932 	 0.8974 
48.7049 	 10.6314 	 0.9386 
48.7083 	 11.6026 	 1.1538 
48.7118 	 9.3686 	 0.8362 
48.7153 	 9.3803 	 0.8761 
48.7188 	 8.1399 	 0.7338 
48.7222 	 8.6481 	 0.7296 
48.7257 	 7.1502 	 1.0068 
48.7292 	 7.9614 	 0.7511 
48.7326 	 9.4198 	 0.6655 
48.7361 	 9.3133 	 0.9442 
48.7396 	 8.6860 	 0.7509 
48.7431 	 9.1631 	 0.7725 
48.7465 	 8.7884 	 1.0751 
48.7500 	 9.0385 	 0.7265 
48.7535 	 8.4812 	 0.8362 
48.7569 	 8.5684 	 0.6838 
48.7604 	 7.8425 	 0.8219 
48.7639 	 7.9915 	 1.0043 
48.7674 	 6.9625 	 0.8020 
48.7708 	 6.8803 	 0.9402 
48.7743 	 6.7577 	 0.8191 
48.7778 	 6.5021 	 0.6223 
48.7813 	 7.3208 	 0.7509 
48.7847 	 6.4592 	 0.7082 
48.7882 	 7.6280 	 0.7509 
48.7917 	 7.7897 	 0.9657 
48.7951 	 7.3208 	 0.6314 
48.7986 	 7.6395 	 0.7725 
48.8021 	 7.3379 	 0.6485 
48.8056 	 8.2692 	 0.7265 
48.8090 	 7.7474 	 0.8191 
48.8125 	 7.3077 	 0.8761 
48.8160 	 7.6792 	 0.5973 
48.8194 	 6.8162 	 0.8120 
48.8229 	 6.7235 	 0.8532 
48.8264 	 6.9231 	 0.5128 
48.8299 	 6.8942 	 0.7679 
48.8333 	 7.7039 	 0.5579 
48.8368 	 7.4232 	 0.8020 
48.8403 	 7.1459 	 0.9871 
48.8438 	 6.9966 	 0.8362 
48.8472 	 6.8670 	 0.7296 
48.8507 	 6.9283 	 0.8020 
48.8542 	 6.8884 	 0.7082 
48.8576 	 7.7133 	 0.8020 
48.8611 	 7.6068 	 0.8120 
48.8646 	 8.5495 	 0.8703 
48.8681 	 6.8162 	 0.9615 
48.8715 	 6.8430 	 0.6485 
48.8750 	 6.0897 	 0.7692 
48.8785 	 5.4608 	 0.8532 
48.8819 	 5.0862 	 0.7328 
48.8854 	 4.4027 	 0.5290 
48.8889 	 4.8498 	 0.6652 
48.8924 	 5.4778 	 0.5119 
48.8958 	 4.8712 	 0.7082 
48.8993 	 6.1092 	 0.6485 
48.9028 	 8.0258 	 0.7940 
48.9063 	 7.7133 	 1.0580 
48.9097 	 8.2618 	 0.7940 
48.9132 	 8.0546 	 0.6143 
48.9167 	 9.1453 	 0.8120 
48.9201 	 9.0444 	 0.8874 
48.9236 	 9.4872 	 0.8761 
48.9271 	 11.3481 	 1.1092 
48.9306 	 11.3034 	 0.9188 
48.9340 	 10.9556 	 1.0922 
48.9375 	 11.8026 	 1.0515 
48.9410 	 11.4846 	 0.9215 
48.9444 	 10.3863 	 1.0730 
48.9479 	 10.9556 	 0.9727 
48.9514 	 9.7854 	 0.7725 
48.9549 	 9.4881 	 1.0239 
48.9583 	 9.3348 	 0.8798 
48.9618 	 9.3515 	 0.7167 
48.9653 	 9.2489 	 1.0086 
48.9688 	 8.2935 	 0.8362 
48.9722 	 9.1880 	 0.6838 
48.9757 	 8.4812 	 0.9044 
48.9792 	 9.4444 	 0.9829 
48.9826 	 8.3959 	 0.6826 
48.9861 	 8.1838 	 1.0897 
48.9896 	 7.5939 	 0.8703 
48.9931 	 11.3949 	 1.0086 
48.9965 	 9.5051 	 0.6997 
49.0000 	 8.0388 	 0.5603 
