Time-Day of Year 	 Electron flux 	 Proton flux 	 (Flux in the units of counts/sq cm.sec.sr) 
209.0035 	 147.4403 	 1.2116 
209.0069 	 146.7457 	 0.9914 
209.0104 	 140.6314 	 0.9215 
209.0139 	 149.3162 	 0.8974 
209.0174 	 154.4539 	 1.1433 
209.0208 	 153.4829 	 1.3462 
209.0243 	 152.7816 	 1.1945 
209.0278 	 152.0513 	 1.0256 
209.0313 	 156.9795 	 1.0068 
209.0347 	 163.7554 	 1.0944 
209.0382 	 165.9215 	 0.9215 
209.0417 	 163.6910 	 0.8369 
209.0451 	 177.9181 	 1.0410 
209.0486 	 176.8884 	 0.9442 
209.0521 	 172.9351 	 0.8874 
209.0556 	 168.1545 	 1.1588 
209.0590 	 162.2526 	 1.1775 
209.0625 	 164.1631 	 1.1588 
209.0660 	 164.6928 	 1.1092 
209.0694 	 169.3162 	 1.0684 
209.0729 	 162.8669 	 1.3311 
209.0764 	 167.2009 	 1.0043 
209.0799 	 170.2389 	 1.0922 
209.0833 	 175.0000 	 1.3889 
209.0868 	 178.6348 	 1.2628 
209.0903 	 177.3718 	 1.0897 
209.0938 	 185.6314 	 0.9556 
209.0972 	 192.6609 	 1.0086 
209.1007 	 186.5358 	 1.1945 
209.1042 	 188.9700 	 1.0515 
209.1076 	 194.6587 	 1.2116 
209.1111 	 201.2232 	 1.3948 
209.1146 	 226.0751 	 1.1604 
209.1181 	 252.3391 	 1.2232 
209.1215 	 269.3857 	 1.1945 
209.1250 	 282.5427 	 1.5385 
209.1285 	 303.4075 	 1.4212 
209.1319 	 315.6838 	 1.1752 
209.1354 	 322.2526 	 1.2969 
209.1389 	 328.3120 	 1.0684 
209.1424 	 333.5666 	 1.2628 
209.1458 	 331.1111 	 1.3034 
209.1493 	 342.0990 	 1.5529 
209.1528 	 335.7725 	 1.3734 
209.1563 	 347.7986 	 1.1604 
209.1597 	 390.1502 	 1.9528 
209.1632 	 400.1365 	 1.5870 
209.1667 	 401.2876 	 1.3305 
209.1701 	 392.0990 	 1.5358 
209.1736 	 378.8197 	 1.3948 
209.1771 	 365.8191 	 1.1945 
209.1806 	 361.6094 	 1.3519 
209.1840 	 368.2765 	 1.5870 
209.1875 	 350.2564 	 1.5812 
209.1910 	 330.8191 	 1.1263 
209.1944 	 350.9188 	 1.3248 
209.1979 	 322.4061 	 1.0410 
209.2014 	 323.1838 	 1.0256 
209.2049 	 316.5188 	 1.1604 
209.2083 	 315.6652 	 1.0300 
209.2118 	 324.4027 	 0.9215 
209.2153 	 303.1545 	 1.1803 
209.2188 	 307.0307 	 1.3993 
209.2222 	 306.7167 	 1.3519 
209.2257 	 303.1741 	 1.1092 
209.2292 	 314.5708 	 0.8584 
209.2326 	 309.5563 	 1.4505 
209.2361 	 302.8541 	 1.0730 
209.2396 	 306.5700 	 1.6041 
209.2431 	 307.1154 	 1.2179 
209.2465 	 287.2867 	 1.1604 
209.2500 	 268.4764 	 1.1588 
209.2535 	 250.5973 	 0.7509 
209.2569 	 245.6197 	 1.2821 
209.2604 	 255.9727 	 1.2799 
209.2639 	 275.0429 	 0.9657 
209.2674 	 273.9249 	 0.9898 
209.2708 	 270.7081 	 1.3948 
209.2743 	 265.8532 	 0.9556 
209.2778 	 279.6137 	 1.0944 
209.2813 	 270.4778 	 1.4334 
209.2847 	 271.3305 	 1.1803 
209.2882 	 253.9761 	 1.0580 
209.2917 	 261.3305 	 1.3519 
209.2951 	 256.6041 	 1.0239 
209.2986 	 268.3974 	 1.1752 
209.3021 	 279.5222 	 1.2116 
209.3056 	 291.8803 	 1.0470 
209.3090 	 309.7099 	 1.0922 
209.3125 	 287.4786 	 1.1752 
209.3160 	 307.4061 	 1.2628 
209.3194 	 310.3863 	 1.2661 
209.3229 	 313.3447 	 1.2287 
209.3264 	 319.4421 	 1.1803 
209.3299 	 315.8874 	 1.3993 
209.3333 	 310.9442 	 1.1159 
209.3368 	 313.1058 	 1.1433 
209.3403 	 309.6567 	 1.3948 
209.3438 	 311.6382 	 1.0580 
209.3472 	 285.9228 	 1.3090 
209.3507 	 278.2423 	 1.1092 
209.3542 	 287.2650 	 1.3248 
209.3576 	 303.2935 	 1.1604 
209.3611 	 301.0897 	 1.1111 
209.3646 	 318.3618 	 1.4676 
209.3681 	 322.6923 	 1.2607 
209.3715 	 311.6267 	 0.9075 
209.3750 	 301.0515 	 1.3090 
209.3785 	 302.8669 	 1.2457 
209.3819 	 288.2833 	 0.9871 
209.3854 	 309.3857 	 1.2969 
209.3889 	 306.6524 	 1.0515 
209.3924 	 326.3140 	 1.1433 
209.3958 	 314.5923 	 1.1373 
209.3993 	 304.1979 	 1.2799 
209.4028 	 307.1245 	 1.3519 
209.4063 	 286.0751 	 1.2628 
209.4097 	 274.2308 	 0.9829 
209.4132 	 259.0273 	 1.1775 
209.4167 	 242.4145 	 1.0043 
209.4201 	 251.6382 	 0.9044 
209.4236 	 267.6923 	 1.1111 
209.4271 	 262.3379 	 1.1604 
209.4306 	 278.5837 	 1.2017 
209.4340 	 312.8157 	 1.5700 
209.4375 	 317.7039 	 1.0944 
209.4410 	 314.2150 	 1.3311 
209.4444 	 303.2403 	 1.0730 
209.4479 	 297.2014 	 1.2628 
209.4514 	 304.8283 	 1.2017 
209.4549 	 307.7133 	 1.2116 
209.4583 	 303.7768 	 1.1588 
209.4618 	 294.7099 	 1.1092 
209.4653 	 289.4658 	 1.1966 
209.4688 	 290.3072 	 1.0751 
209.4722 	 290.0214 	 1.0684 
209.4757 	 291.2457 	 1.1433 
209.4792 	 288.0769 	 0.7906 
209.4826 	 287.7986 	 1.0922 
209.4861 	 271.5665 	 1.1803 
209.4896 	 305.6485 	 1.2628 
209.4931 	 337.6940 	 1.3147 
209.4965 	 377.9181 	 1.4505 
209.5000 	 411.2232 	 1.4378 
209.5035 	 475.1707 	 1.4846 
209.5069 	 466.4163 	 1.3734 
209.5104 	 453.1741 	 1.5017 
209.5139 	 471.4163 	 1.3734 
209.5174 	 479.4880 	 1.5700 
209.5208 	 445.5128 	 1.4103 
209.5243 	 455.9044 	 1.3993 
209.5278 	 453.6966 	 1.4103 
209.5313 	 443.5324 	 1.5188 
209.5347 	 442.0940 	 1.4103 
209.5382 	 435.9898 	 1.5017 
209.5417 	 429.5727 	 1.3675 
209.5451 	 407.4061 	 1.1433 
209.5486 	 416.5021 	 1.3519 
209.5521 	 425.6143 	 1.1433 
209.5556 	 404.4206 	 1.1803 
209.5590 	 399.1297 	 1.0922 
209.5625 	 416.8455 	 1.6738 
209.5660 	 415.0000 	 1.2628 
209.5694 	 402.6609 	 1.5880 
209.5729 	 392.4232 	 1.2628 
209.5764 	 387.6282 	 1.1111 
209.5799 	 373.0546 	 1.4334 
209.5833 	 366.1325 	 1.3675 
209.5868 	 334.2321 	 1.2969 
209.5903 	 310.8761 	 1.3248 
209.5938 	 314.1468 	 1.1263 
209.5972 	 319.8932 	 1.3034 
209.6007 	 288.7372 	 1.2457 
209.6042 	 274.1846 	 1.3519 
209.6076 	 275.3584 	 1.1092 
209.6111 	 259.8069 	 1.3519 
209.6146 	 243.7201 	 1.2457 
209.6181 	 236.9612 	 1.0776 
209.6215 	 225.2560 	 1.2116 
209.6250 	 215.6223 	 1.2661 
209.6285 	 217.8669 	 1.3481 
209.6319 	 211.5598 	 1.0684 
209.6354 	 195.5973 	 1.1945 
209.6389 	 200.0427 	 1.2821 
209.6424 	 194.9317 	 1.1433 
209.6458 	 192.0299 	 1.0897 
209.6493 	 185.2901 	 1.1433 
209.6528 	 175.0000 	 1.4103 
209.6563 	 161.2969 	 1.0410 
209.6597 	 154.1631 	 1.2661 
209.6632 	 146.5529 	 1.0239 
209.6667 	 148.1116 	 1.0730 
209.6701 	 144.0785 	 1.1604 
209.6736 	 148.4335 	 1.2017 
209.6771 	 151.9625 	 1.1263 
209.6806 	 149.5708 	 1.0944 
209.6840 	 141.5188 	 1.2287 
209.6875 	 131.1539 	 0.9615 
209.6910 	 130.9898 	 0.8874 
209.6944 	 125.7265 	 1.0043 
209.6979 	 126.8942 	 1.2969 
209.7014 	 126.8162 	 1.2393 
209.7049 	 125.2560 	 1.1263 
209.7083 	 125.8974 	 0.8547 
209.7118 	 124.7611 	 1.4334 
209.7153 	 116.7167 	 1.1373 
209.7188 	 105.5290 	 1.0580 
209.7222 	 102.4893 	 0.8584 
209.7257 	 98.8055 	 1.4505 
209.7292 	 92.6824 	 1.1159 
209.7326 	 89.1809 	 1.1945 
209.7361 	 81.6309 	 1.0515 
209.7396 	 72.6027 	 0.9075 
209.7431 	 68.3761 	 0.8547 
209.7465 	 70.4437 	 0.9556 
209.7500 	 59.9573 	 0.9188 
209.7535 	 39.0444 	 0.8191 
209.7569 	 50.7051 	 1.3034 
209.7604 	 69.2491 	 1.1263 
209.7639 	 78.8675 	 1.4316 
209.7674 	 83.6860 	 0.9898 
209.7708 	 86.5236 	 0.8369 
209.7743 	 78.6689 	 0.8703 
209.7778 	 84.5494 	 1.0730 
209.7813 	 91.7235 	 1.2628 
209.7847 	 81.3949 	 1.1588 
209.7882 	 73.3106 	 1.0580 
209.7917 	 81.9313 	 0.8369 
209.7951 	 91.1263 	 1.1263 
209.7986 	 93.9957 	 1.4744 
209.8021 	 92.4061 	 1.1263 
209.8056 	 95.2991 	 1.1325 
209.8090 	 93.0546 	 1.1433 
209.8125 	 94.4017 	 1.1752 
209.8160 	 92.0307 	 1.1775 
209.8194 	 89.3590 	 1.2607 
209.8229 	 80.6997 	 1.2799 
209.8264 	 80.8369 	 0.9657 
209.8299 	 81.6894 	 1.0239 
209.8333 	 85.4506 	 1.2876 
209.8368 	 78.5495 	 1.2969 
209.8403 	 75.1073 	 1.2661 
209.8438 	 80.0853 	 1.3652 
209.8472 	 77.6180 	 1.3305 
209.8507 	 78.8908 	 1.0751 
209.8542 	 76.9444 	 1.3248 
209.8576 	 77.4744 	 1.2116 
209.8611 	 79.2308 	 1.0256 
209.8646 	 79.1096 	 1.3014 
209.8681 	 81.0684 	 1.2393 
209.8715 	 73.9249 	 1.4164 
209.8750 	 71.4103 	 1.0470 
209.8785 	 83.9420 	 1.2457 
209.8819 	 78.1760 	 0.9442 
209.8854 	 74.5904 	 1.0239 
209.8889 	 78.3906 	 1.3734 
209.8924 	 77.5597 	 1.2287 
209.8958 	 73.4549 	 1.2876 
209.8993 	 77.5597 	 1.1775 
209.9028 	 76.6738 	 1.1373 
209.9063 	 81.2799 	 0.9215 
209.9097 	 83.1838 	 1.4744 
209.9132 	 83.5836 	 0.9727 
209.9167 	 82.4359 	 1.4316 
209.9201 	 79.5051 	 1.3993 
209.9236 	 86.0470 	 1.1966 
209.9271 	 84.6587 	 1.2969 
209.9306 	 86.6667 	 1.0470 
209.9340 	 94.0444 	 1.1092 
209.9375 	 90.2564 	 1.1538 
209.9410 	 92.2260 	 1.1301 
209.9444 	 95.8761 	 1.2607 
209.9479 	 98.4932 	 1.0616 
209.9514 	 103.2265 	 0.9402 
209.9549 	 100.9247 	 1.1644 
209.9583 	 107.9915 	 1.0897 
209.9618 	 110.2397 	 1.4384 
209.9653 	 115.6809 	 0.9574 
209.9688 	 114.3151 	 1.0959 
209.9722 	 117.4681 	 0.9787 
209.9757 	 122.1747 	 1.3185 
209.9792 	 129.0638 	 0.8936 
209.9826 	 147.6884 	 1.1986 
209.9861 	 142.3830 	 1.0213 
209.9896 	 149.5533 	 1.3230 
209.9931 	 145.2542 	 1.2076 
209.9965 	 148.9310 	 1.4655 
210.0000 	 144.6186 	 1.3559 
