Time-Day of Year 	 Electron flux 	 Proton flux 	 (Flux in the units of counts/sq cm.sec.sr) 
350.0035 	 18.2935 	 0.9727 
350.0069 	 19.9142 	 0.8155 
350.0104 	 20.1195 	 0.8362 
350.0139 	 24.3133 	 0.9013 
350.0174 	 23.2935 	 1.0239 
350.0208 	 23.0901 	 1.1803 
350.0243 	 19.4027 	 0.9556 
350.0278 	 20.6223 	 1.0086 
350.0313 	 22.6280 	 0.8703 
350.0347 	 26.0897 	 0.8761 
350.0382 	 24.3857 	 1.0239 
350.0417 	 22.2222 	 0.9615 
350.0451 	 18.7201 	 0.8191 
350.0486 	 19.3590 	 0.7479 
350.0521 	 20.6485 	 0.6826 
350.0556 	 22.2103 	 0.9227 
350.0590 	 22.2526 	 1.0239 
350.0625 	 21.5236 	 0.6223 
350.0660 	 22.2014 	 0.8362 
350.0694 	 24.0987 	 0.9227 
350.0729 	 22.4061 	 0.8874 
350.0764 	 22.4893 	 0.8155 
350.0799 	 24.3515 	 0.8020 
350.0833 	 24.6137 	 1.0086 
350.0868 	 26.2116 	 0.9727 
350.0903 	 27.3077 	 1.1325 
350.0938 	 24.8116 	 0.8048 
350.0972 	 28.4188 	 1.0256 
350.1007 	 26.2116 	 0.8874 
350.1042 	 26.6667 	 0.8761 
350.1076 	 29.6928 	 1.0410 
350.1111 	 33.1116 	 0.8584 
350.1146 	 32.3720 	 1.1263 
350.1181 	 31.7597 	 0.9657 
350.1215 	 30.2901 	 1.0751 
350.1250 	 32.9614 	 0.6438 
350.1285 	 34.0614 	 0.9727 
350.1319 	 34.3562 	 1.0944 
350.1354 	 34.1126 	 0.9386 
350.1389 	 34.3991 	 1.1803 
350.1424 	 32.5085 	 1.0580 
350.1458 	 34.4231 	 1.0256 
350.1493 	 32.8840 	 0.7850 
350.1528 	 35.8120 	 0.9402 
350.1563 	 36.4846 	 1.3481 
350.1597 	 38.8034 	 1.0897 
350.1632 	 42.8498 	 1.0239 
350.1667 	 41.1588 	 0.9013 
350.1701 	 41.3311 	 1.1775 
350.1736 	 42.9185 	 1.3519 
350.1771 	 40.8703 	 1.0751 
350.1806 	 40.6652 	 0.9442 
350.1840 	 39.0614 	 0.9727 
350.1875 	 40.0858 	 1.0300 
350.1910 	 43.7543 	 1.0922 
350.1944 	 43.4549 	 0.8155 
350.1979 	 43.5495 	 0.8362 
350.2014 	 42.6068 	 0.8547 
350.2049 	 45.3413 	 1.0751 
350.2083 	 47.1368 	 1.2607 
350.2118 	 48.2021 	 1.1130 
350.2153 	 48.6752 	 1.0684 
350.2188 	 41.9454 	 0.8532 
350.2222 	 43.2189 	 1.0944 
350.2257 	 44.7099 	 1.1263 
350.2292 	 41.7811 	 0.9013 
350.2326 	 40.6485 	 0.9386 
350.2361 	 46.2876 	 1.0086 
350.2396 	 44.0614 	 1.2287 
350.2431 	 41.3519 	 1.0515 
350.2465 	 44.2150 	 1.2116 
350.2500 	 45.0644 	 0.9013 
350.2535 	 45.2389 	 1.1775 
350.2569 	 48.3974 	 1.0684 
350.2604 	 50.2218 	 1.0751 
350.2639 	 49.7650 	 1.3675 
350.2674 	 50.2730 	 1.2799 
350.2708 	 47.6068 	 1.1966 
350.2743 	 44.3686 	 1.0751 
350.2778 	 47.1245 	 0.7725 
350.2813 	 41.2628 	 1.0239 
350.2847 	 43.9056 	 0.9657 
350.2882 	 42.6792 	 1.0922 
350.2917 	 45.2790 	 1.0515 
350.2951 	 49.5392 	 1.3823 
350.2986 	 45.7511 	 1.1803 
350.3021 	 42.6280 	 1.0068 
350.3056 	 48.4549 	 1.1588 
350.3090 	 42.9522 	 1.0580 
350.3125 	 43.5897 	 1.0256 
350.3160 	 46.8601 	 1.1092 
350.3194 	 42.6068 	 0.7692 
350.3229 	 40.6314 	 1.1092 
350.3264 	 42.2961 	 0.9442 
350.3299 	 44.3515 	 0.9727 
350.3333 	 45.2790 	 0.9871 
350.3368 	 46.4164 	 0.9556 
350.3403 	 42.1245 	 1.1803 
350.3438 	 40.7509 	 0.9556 
350.3472 	 41.2446 	 0.9871 
350.3507 	 40.1195 	 1.0922 
350.3542 	 39.7425 	 0.9442 
350.3576 	 40.9044 	 1.0068 
350.3611 	 42.4893 	 1.3090 
350.3646 	 39.8294 	 1.0751 
350.3681 	 40.3419 	 0.9829 
350.3715 	 38.3276 	 0.9898 
350.3750 	 35.6197 	 0.8547 
350.3785 	 35.8874 	 0.8191 
350.3819 	 35.9829 	 1.1966 
350.3854 	 38.7543 	 0.7679 
350.3889 	 38.1760 	 1.0086 
350.3924 	 37.0990 	 1.0751 
350.3958 	 36.3305 	 0.9871 
350.3993 	 33.6689 	 0.9215 
350.4028 	 36.0944 	 1.0300 
350.4063 	 37.5939 	 1.1092 
350.4097 	 37.2318 	 1.1803 
350.4132 	 39.2321 	 1.0751 
350.4167 	 38.1760 	 1.0730 
350.4201 	 36.0921 	 1.1263 
350.4236 	 38.2051 	 1.0256 
350.4271 	 36.9966 	 1.2457 
350.4306 	 39.4872 	 1.0684 
350.4340 	 36.6724 	 1.1263 
350.4375 	 39.0171 	 1.0684 
350.4410 	 36.6382 	 1.1433 
350.4444 	 36.8026 	 1.1588 
350.4479 	 33.0887 	 1.0751 
350.4514 	 36.4378 	 0.8798 
350.4549 	 30.8020 	 1.0068 
350.4583 	 31.6524 	 0.9657 
350.4618 	 30.8874 	 1.2116 
350.4653 	 29.0773 	 0.9227 
350.4688 	 26.6610 	 1.0103 
350.4722 	 25.1931 	 0.8584 
350.4757 	 25.4266 	 1.0580 
350.4792 	 23.6481 	 0.9013 
350.4826 	 23.8737 	 1.0922 
350.4861 	 24.8718 	 0.9402 
350.4896 	 23.6860 	 1.0410 
350.4931 	 22.0940 	 0.7265 
350.4965 	 19.8976 	 1.0068 
350.5000 	 20.3205 	 0.8974 
350.5035 	 21.3140 	 0.9898 
350.5069 	 19.9359 	 0.7479 
350.5104 	 18.0308 	 0.8733 
350.5139 	 19.4658 	 1.0470 
350.5174 	 19.0925 	 0.9075 
350.5208 	 21.4103 	 0.9188 
350.5243 	 18.6644 	 0.9589 
350.5278 	 19.8932 	 0.9188 
350.5313 	 17.2945 	 1.0445 
350.5347 	 18.2051 	 0.9188 
350.5382 	 18.7158 	 0.9418 
350.5417 	 16.3830 	 1.0638 
350.5451 	 16.9521 	 0.8390 
350.5486 	 17.2128 	 0.7872 
350.5521 	 17.5856 	 0.8733 
350.5556 	 15.8085 	 1.1064 
350.5590 	 17.2945 	 1.2500 
350.5625 	 14.9574 	 1.3404 
350.5660 	 17.5000 	 0.8966 
350.5694 	 13.7288 	 0.8898 
350.5729 	 14.3793 	 0.6724 
350.5764 	 12.4576 	 0.7839 
350.5799 	 11.8793 	 0.9828 
350.5833 	 11.7373 	 0.7839 
350.5868 	 10.8448 	 0.7759 
350.5903 	 9.7246 	 0.7627 
350.5938 	 8.1379 	 0.7241 
350.5972 	 11.7932 	 0.8017 
350.6007 	 12.2414 	 0.9483 
350.6042 	 10.3376 	 1.0549 
350.6076 	 10.0862 	 0.7414 
350.6111 	 10.5274 	 1.0759 
350.6146 	 12.1034 	 0.8793 
350.6181 	 9.6203 	 0.7173 
350.6215 	 9.0830 	 0.7958 
350.6250 	 9.7257 	 0.7173 
350.6285 	 9.1003 	 0.6228 
350.6319 	 12.5105 	 0.9283 
350.6354 	 12.6817 	 0.7958 
350.6389 	 9.7257 	 0.9494 
350.6424 	 10.6747 	 0.7612 
350.6458 	 10.9494 	 0.7806 
350.6493 	 11.9204 	 0.8131 
350.6528 	 13.2143 	 0.9244 
350.6563 	 12.1107 	 1.0208 
350.6597 	 12.2269 	 0.8403 
350.6632 	 12.4567 	 0.7612 
350.6667 	 10.6513 	 0.9874 
350.6701 	 12.5779 	 1.0035 
350.6736 	 12.5840 	 1.1345 
350.6771 	 11.5679 	 0.8537 
350.6806 	 11.9958 	 0.8193 
350.6840 	 11.4111 	 1.0453 
350.6875 	 10.2929 	 0.9833 
350.6910 	 9.5993 	 0.9582 
350.6944 	 9.8117 	 0.6485 
350.6979 	 9.4425 	 0.6794 
350.7014 	 9.8536 	 0.9205 
350.7049 	 9.3206 	 0.7143 
350.7083 	 10.0625 	 0.7708 
350.7118 	 12.2300 	 0.8188 
350.7153 	 10.2708 	 0.7708 
350.7188 	 8.4146 	 0.6446 
350.7222 	 10.1042 	 0.7708 
350.7257 	 11.6725 	 0.7840 
350.7292 	 11.2917 	 1.0417 
350.7326 	 8.5140 	 0.5594 
350.7361 	 8.2083 	 0.7708 
350.7396 	 7.5000 	 0.5420 
350.7431 	 6.9583 	 0.7083 
350.7465 	 10.1049 	 0.6818 
350.7500 	 8.2083 	 0.6042 
350.7535 	 8.2517 	 0.5245 
350.7569 	 6.7917 	 0.8333 
350.7604 	 8.1643 	 0.8741 
350.7639 	 7.0747 	 0.7469 
350.7674 	 9.4930 	 0.9615 
350.7708 	 12.1369 	 1.0788 
350.7743 	 9.5629 	 0.8392 
350.7778 	 8.9212 	 0.8299 
350.7813 	 10.4196 	 1.1538 
350.7847 	 9.3361 	 0.9129 
350.7882 	 10.8596 	 0.8772 
350.7917 	 10.5394 	 0.9959 
350.7951 	 9.6831 	 0.9331 
350.7986 	 9.3595 	 0.8471 
350.8021 	 10.7923 	 0.7042 
350.8056 	 9.1736 	 0.7851 
350.8090 	 10.7218 	 0.9331 
350.8125 	 10.2066 	 0.8678 
350.8160 	 10.1408 	 0.9331 
350.8194 	 10.9877 	 1.2140 
350.8229 	 9.0141 	 0.7746 
350.8264 	 9.7119 	 1.0082 
350.8299 	 9.9296 	 1.0563 
350.8333 	 9.7531 	 0.7407 
350.8368 	 9.7887 	 0.7042 
350.8403 	 10.8025 	 0.9053 
350.8438 	 10.1237 	 0.7244 
350.8472 	 8.9712 	 0.6584 
350.8507 	 11.3074 	 1.0777 
350.8542 	 12.2222 	 1.1523 
350.8576 	 11.8021 	 1.0954 
350.8611 	 11.6255 	 1.0494 
350.8646 	 11.1661 	 1.3074 
350.8681 	 13.1481 	 0.8848 
350.8715 	 13.0919 	 0.9541 
350.8750 	 10.9836 	 0.7377 
350.8785 	 11.7491 	 0.9011 
350.8819 	 10.4508 	 0.9631 
350.8854 	 9.3816 	 0.7774 
350.8889 	 9.9795 	 1.0246 
350.8924 	 11.7668 	 1.1661 
350.8958 	 11.3115 	 1.0246 
350.8993 	 10.5142 	 0.8865 
350.9028 	 11.7008 	 0.9016 
350.9063 	 10.6383 	 0.7447 
350.9097 	 10.6148 	 0.9836 
350.9132 	 12.2242 	 0.8719 
350.9167 	 12.5306 	 1.0612 
350.9201 	 11.1744 	 1.0854 
350.9236 	 10.4694 	 1.1837 
350.9271 	 9.1281 	 1.1032 
350.9306 	 7.1951 	 0.9146 
350.9340 	 7.4021 	 0.9609 
350.9375 	 8.3537 	 1.0366 
350.9410 	 6.5302 	 0.6762 
350.9444 	 7.3780 	 0.5691 
350.9479 	 8.8434 	 0.8541 
350.9514 	 8.6789 	 0.6707 
350.9549 	 8.4464 	 0.9286 
350.9583 	 9.8171 	 0.9959 
350.9618 	 8.4286 	 1.0000 
350.9653 	 8.7398 	 0.7520 
350.9688 	 8.0357 	 0.6607 
350.9722 	 8.0691 	 0.9146 
350.9757 	 8.7321 	 0.8750 
350.9792 	 9.0854 	 1.1789 
350.9826 	 10.7500 	 0.8929 
350.9861 	 9.8988 	 0.8907 
350.9896 	 10.9643 	 0.8571 
350.9931 	 12.0243 	 0.9312 
350.9965 	 10.8214 	 0.8929 
351.0000 	 11.8421 	 0.8704 
