Time-Day of Year 	 Electron flux 	 Proton flux 	 (Flux in the units of counts/sq cm.sec.sr) 
186.0035 	 17.7599 	 1.1290 
186.0069 	 17.7823 	 0.9073 
186.0104 	 18.9388 	 1.1331 
186.0139 	 20.0201 	 1.1245 
186.0174 	 20.2698 	 0.8273 
186.0208 	 21.7470 	 1.2249 
186.0243 	 21.9314 	 0.9747 
186.0278 	 25.6225 	 1.0843 
186.0313 	 24.1877 	 1.4079 
186.0347 	 23.5141 	 1.1245 
186.0382 	 22.7256 	 1.1552 
186.0417 	 22.2691 	 1.3253 
186.0451 	 22.2383 	 1.1913 
186.0486 	 22.6707 	 1.1245 
186.0521 	 22.9603 	 1.1733 
186.0556 	 22.3600 	 1.1600 
186.0590 	 23.4477 	 1.2094 
186.0625 	 21.7000 	 1.1000 
186.0660 	 22.8159 	 0.7942 
186.0694 	 21.9000 	 1.0400 
186.0729 	 22.1480 	 1.1552 
186.0764 	 23.7000 	 1.2600 
186.0799 	 22.4638 	 0.9964 
186.0833 	 25.6800 	 1.0800 
186.0868 	 22.9348 	 1.1775 
186.0903 	 23.5000 	 1.0600 
186.0938 	 23.8225 	 1.0507 
186.0972 	 24.3000 	 1.2600 
186.1007 	 25.2899 	 1.3949 
186.1042 	 22.2800 	 1.1600 
186.1076 	 21.5036 	 0.7609 
186.1111 	 21.1155 	 1.1355 
186.1146 	 21.6123 	 0.9783 
186.1181 	 23.0279 	 0.7371 
186.1215 	 26.0688 	 1.2681 
186.1250 	 24.2629 	 1.2948 
186.1285 	 23.9130 	 1.2319 
186.1319 	 23.9044 	 1.3347 
186.1354 	 25.3102 	 1.2956 
186.1389 	 25.3968 	 1.3095 
186.1424 	 24.4891 	 1.0584 
186.1458 	 26.8056 	 1.2302 
186.1493 	 26.2591 	 1.2226 
186.1528 	 26.0119 	 1.2103 
186.1563 	 25.8394 	 1.0401 
186.1597 	 25.6151 	 1.1508 
186.1632 	 26.1496 	 1.1314 
186.1667 	 24.0119 	 1.1462 
186.1701 	 25.5292 	 1.1131 
186.1736 	 24.7628 	 1.2451 
186.1771 	 26.0949 	 1.4964 
186.1806 	 22.7273 	 0.9486 
186.1840 	 25.4745 	 1.0584 
186.1875 	 24.4862 	 1.0079 
186.1910 	 26.0256 	 1.0806 
186.1944 	 24.8221 	 1.1067 
186.1979 	 23.1685 	 1.0440 
186.2014 	 24.9407 	 1.1660 
186.2049 	 25.3663 	 0.8608 
186.2083 	 25.5534 	 0.9881 
186.2118 	 24.6886 	 1.3553 
186.2153 	 26.0672 	 0.9684 
186.2188 	 28.1685 	 1.3370 
186.2222 	 26.6142 	 1.1024 
186.2257 	 29.0110 	 1.0256 
186.2292 	 24.9803 	 1.0433 
186.2326 	 25.7875 	 1.2821 
186.2361 	 24.9016 	 1.2008 
186.2396 	 26.1172 	 0.9707 
186.2431 	 26.5748 	 1.0630 
186.2465 	 24.8713 	 1.2500 
186.2500 	 24.3504 	 1.0236 
186.2535 	 25.0368 	 1.2868 
186.2569 	 25.7677 	 0.9055 
186.2604 	 25.0735 	 1.1213 
186.2639 	 26.4764 	 0.8465 
186.2674 	 26.1993 	 0.8856 
186.2708 	 27.0392 	 1.0392 
186.2743 	 25.7011 	 1.3469 
186.2778 	 25.4297 	 1.1523 
186.2813 	 25.9594 	 1.3100 
186.2847 	 25.7031 	 1.1914 
186.2882 	 23.9299 	 1.0332 
186.2917 	 24.9609 	 1.2305 
186.2951 	 25.4059 	 1.1439 
186.2986 	 25.2539 	 0.9961 
186.3021 	 25.6296 	 1.0556 
186.3056 	 24.6680 	 0.8203 
186.3090 	 23.8519 	 1.2593 
186.3125 	 22.8125 	 0.7031 
186.3160 	 26.2593 	 0.9815 
186.3194 	 23.9258 	 1.1133 
186.3229 	 22.7593 	 0.8148 
186.3264 	 25.8008 	 1.0156 
186.3299 	 25.8333 	 1.0741 
186.3333 	 25.6615 	 1.0506 
186.3368 	 25.0185 	 1.0370 
186.3403 	 26.3813 	 1.2451 
186.3438 	 24.2037 	 1.0185 
186.3472 	 22.7626 	 1.0311 
186.3507 	 24.0185 	 1.0000 
186.3542 	 23.6770 	 0.9728 
186.3576 	 25.4089 	 1.1896 
186.3611 	 25.0778 	 1.0117 
186.3646 	 23.8104 	 0.9480 
186.3681 	 22.1206 	 1.0506 
186.3715 	 24.4796 	 1.1896 
186.3750 	 25.5058 	 0.9144 
186.3785 	 25.1859 	 1.0223 
186.3819 	 26.7704 	 1.3424 
186.3854 	 25.3532 	 1.1338 
186.3889 	 24.5349 	 1.1434 
186.3924 	 24.6455 	 1.1381 
186.3958 	 23.8610 	 1.2162 
186.3993 	 25.3918 	 1.2687 
186.4028 	 25.4054 	 0.9459 
186.4063 	 25.2425 	 0.6903 
186.4097 	 31.5444 	 1.1197 
186.4132 	 33.2397 	 1.2734 
186.4167 	 29.8070 	 1.1776 
186.4201 	 24.2135 	 0.9551 
186.4236 	 21.6409 	 0.9846 
186.4271 	 21.6292 	 0.8052 
186.4306 	 23.1853 	 1.3127 
186.4340 	 21.4045 	 0.9925 
186.4375 	 21.7954 	 1.1197 
186.4410 	 22.0599 	 1.0674 
186.4444 	 22.2500 	 0.9615 
186.4479 	 22.4532 	 0.8240 
186.4514 	 22.9231 	 1.2500 
186.4549 	 24.0637 	 1.1423 
186.4583 	 23.6731 	 0.9423 
186.4618 	 23.1273 	 0.6367 
186.4653 	 21.2692 	 1.0000 
186.4688 	 21.8045 	 1.0150 
186.4722 	 19.6731 	 0.9231 
186.4757 	 21.6729 	 0.8835 
186.4792 	 21.0577 	 0.8846 
186.4826 	 20.9399 	 1.1090 
186.4861 	 21.0577 	 1.1346 
186.4896 	 20.7331 	 1.1278 
186.4931 	 21.1538 	 1.0577 
186.4965 	 21.1090 	 1.2218 
186.5000 	 20.5939 	 1.0728 
186.5035 	 20.2068 	 1.1466 
186.5069 	 19.7510 	 0.9579 
186.5104 	 20.5075 	 1.2594 
186.5139 	 18.2375 	 0.9579 
186.5174 	 18.4528 	 0.8302 
186.5208 	 17.5763 	 0.9924 
186.5243 	 17.8030 	 0.7955 
186.5278 	 18.3015 	 1.2023 
186.5313 	 18.2008 	 0.8712 
186.5347 	 18.1679 	 1.0305 
186.5382 	 16.6098 	 1.0795 
186.5417 	 18.5305 	 1.0687 
186.5451 	 19.2614 	 0.8333 
186.5486 	 19.4656 	 1.2405 
186.5521 	 18.7500 	 1.0795 
186.5556 	 17.2624 	 1.0076 
186.5590 	 17.0265 	 0.9848 
186.5625 	 15.7414 	 1.1787 
186.5660 	 14.9053 	 0.7765 
186.5694 	 14.7529 	 1.1787 
186.5729 	 16.2500 	 0.8144 
186.5764 	 17.6046 	 1.1787 
186.5799 	 16.1217 	 1.3688 
186.5833 	 15.2852 	 1.0646 
186.5868 	 17.3764 	 0.9886 
186.5903 	 15.6274 	 0.9506 
186.5938 	 14.2395 	 0.8365 
186.5972 	 16.3498 	 0.7605 
186.6007 	 14.0304 	 0.9696 
186.6042 	 16.5209 	 0.9316 
186.6076 	 16.2357 	 0.9125 
186.6111 	 17.0455 	 1.1553 
186.6146 	 15.0380 	 1.0266 
186.6181 	 16.4962 	 0.8712 
186.6215 	 16.8061 	 1.1407 
186.6250 	 16.4773 	 1.0417 
186.6285 	 16.8821 	 1.1217 
186.6319 	 16.8750 	 1.1742 
186.6354 	 17.4237 	 1.1450 
186.6389 	 17.1402 	 1.1932 
186.6424 	 16.4943 	 1.1303 
186.6458 	 16.8561 	 0.9848 
186.6493 	 17.5862 	 1.1303 
186.6528 	 16.2830 	 0.9623 
186.6563 	 15.8046 	 1.1686 
186.6597 	 16.5660 	 1.3774 
186.6632 	 16.0153 	 1.0153 
186.6667 	 15.2632 	 1.1842 
186.6701 	 13.7356 	 1.1111 
186.6736 	 14.0038 	 0.9211 
186.6771 	 14.7701 	 0.9962 
186.6806 	 15.5639 	 1.0714 
186.6840 	 15.2299 	 1.0153 
186.6875 	 13.7406 	 1.1466 
186.6910 	 12.8846 	 1.0000 
186.6944 	 14.4549 	 0.8459 
186.6979 	 15.6154 	 1.1923 
186.7014 	 14.9248 	 1.0902 
186.7049 	 14.1538 	 0.8654 
186.7083 	 14.4549 	 1.0150 
186.7118 	 12.9231 	 0.9038 
186.7153 	 13.0639 	 0.8647 
186.7188 	 13.4038 	 0.9808 
186.7222 	 15.3745 	 0.9363 
186.7257 	 14.1346 	 1.1346 
186.7292 	 11.8352 	 0.7678 
186.7326 	 15.0000 	 0.9808 
186.7361 	 15.6929 	 1.1049 
186.7396 	 17.3269 	 0.8269 
186.7431 	 14.2697 	 1.2734 
186.7465 	 15.1351 	 1.1583 
186.7500 	 13.5955 	 0.9551 
186.7535 	 14.2278 	 0.9459 
186.7569 	 14.4757 	 0.8427 
186.7604 	 13.7645 	 0.9266 
186.7639 	 15.2247 	 0.8801 
186.7674 	 15.3861 	 1.1197 
186.7708 	 14.2724 	 1.0448 
186.7743 	 12.4612 	 1.1822 
186.7778 	 12.8439 	 1.0781 
186.7813 	 14.1860 	 0.8915 
186.7847 	 13.0112 	 1.0037 
186.7882 	 13.2171 	 0.8721 
186.7917 	 15.5390 	 0.7435 
186.7951 	 14.1860 	 1.1240 
186.7986 	 14.3123 	 1.1896 
186.8021 	 13.9300 	 1.1284 
186.8056 	 13.9405 	 0.8550 
186.8090 	 11.7121 	 0.7782 
186.8125 	 13.6245 	 1.1338 
186.8160 	 12.6070 	 0.7977 
186.8194 	 13.8290 	 1.0037 
186.8229 	 14.5525 	 1.1089 
186.8264 	 16.4074 	 1.0000 
186.8299 	 14.7860 	 0.9922 
186.8333 	 14.3889 	 1.0556 
186.8368 	 15.7782 	 1.2062 
186.8403 	 15.4815 	 0.8889 
186.8438 	 13.6187 	 1.0506 
186.8472 	 14.0000 	 1.1481 
186.8507 	 12.9961 	 1.1479 
186.8542 	 13.1481 	 1.0741 
186.8576 	 13.6719 	 0.8594 
186.8611 	 13.6296 	 1.1667 
186.8646 	 13.0078 	 1.0156 
186.8681 	 14.4074 	 0.8704 
186.8715 	 15.2539 	 1.0547 
186.8750 	 14.8704 	 0.9630 
186.8785 	 15.8594 	 1.2500 
186.8819 	 16.3469 	 1.0148 
186.8854 	 15.4688 	 1.0156 
186.8889 	 15.3137 	 0.9779 
186.8924 	 14.4531 	 1.0547 
186.8958 	 14.7417 	 0.9225 
186.8993 	 14.5294 	 0.9216 
186.9028 	 13.6397 	 0.9375 
186.9063 	 14.2549 	 0.8824 
186.9097 	 15.6066 	 0.8272 
186.9132 	 15.3150 	 0.8858 
186.9167 	 18.9154 	 1.1765 
186.9201 	 16.8701 	 0.9055 
186.9236 	 20.3860 	 1.2500 
186.9271 	 18.2087 	 1.2598 
186.9306 	 20.2574 	 1.0110 
186.9340 	 20.1772 	 1.1024 
186.9375 	 20.6044 	 1.0806 
186.9410 	 21.1220 	 0.8268 
186.9444 	 16.6484 	 0.9524 
186.9479 	 17.3425 	 0.9646 
186.9514 	 15.6960 	 0.8791 
186.9549 	 16.0630 	 0.9449 
186.9583 	 16.9414 	 0.9890 
186.9618 	 16.1614 	 0.8858 
186.9653 	 16.1722 	 1.0989 
186.9688 	 17.0158 	 1.0277 
186.9722 	 17.1245 	 0.8242 
186.9757 	 19.3874 	 1.1462 
186.9792 	 17.8022 	 1.1355 
186.9826 	 17.4506 	 1.1067 
186.9861 	 18.1685 	 0.8608 
186.9896 	 19.1304 	 0.9684 
186.9931 	 20.3102 	 1.2409 
186.9965 	 20.9486 	 0.8696 
187.0000 	 20.3102 	 0.8759 
