Time-Day of Year 	 Electron flux 	 Proton flux 	 (Flux in the units of counts/sq cm.sec.sr) 
173.0035 	 58.4764 	 0.9013 
173.0069 	 68.3276 	 1.1263 
173.0104 	 62.3605 	 0.8584 
173.0139 	 63.6177 	 1.0922 
173.0174 	 71.5451 	 1.4163 
173.0208 	 73.0375 	 1.0922 
173.0243 	 65.4936 	 1.1803 
173.0278 	 66.5529 	 0.8020 
173.0313 	 70.0431 	 1.0776 
173.0347 	 68.5324 	 0.9727 
173.0382 	 66.6453 	 0.8974 
173.0417 	 68.0546 	 0.9044 
173.0451 	 69.2521 	 1.0470 
173.0486 	 71.0068 	 1.1433 
173.0521 	 69.5513 	 1.0043 
173.0556 	 67.9352 	 1.1092 
173.0590 	 69.5299 	 1.0684 
173.0625 	 66.6894 	 0.9215 
173.0660 	 65.8584 	 0.9871 
173.0694 	 69.0273 	 0.8191 
173.0729 	 69.6567 	 1.0300 
173.0764 	 66.0751 	 1.0751 
173.0799 	 66.7811 	 0.7511 
173.0833 	 66.9625 	 0.9727 
173.0868 	 65.0429 	 1.0086 
173.0903 	 67.1843 	 1.2628 
173.0938 	 67.5214 	 1.1966 
173.0972 	 65.2389 	 1.2969 
173.1007 	 62.5641 	 0.9188 
173.1042 	 64.1126 	 1.0410 
173.1076 	 64.5940 	 1.1966 
173.1111 	 63.0717 	 0.7679 
173.1146 	 62.0727 	 0.9829 
173.1181 	 65.1877 	 1.1775 
173.1215 	 66.3949 	 1.0944 
173.1250 	 65.3072 	 0.8874 
173.1285 	 66.6953 	 1.0300 
173.1319 	 74.5563 	 1.0580 
173.1354 	 69.8069 	 1.1803 
173.1389 	 73.1911 	 1.0580 
173.1424 	 76.6953 	 0.9227 
173.1458 	 76.1433 	 0.8874 
173.1493 	 77.0172 	 1.0944 
173.1528 	 77.9795 	 1.0788 
173.1563 	 76.3034 	 1.1752 
173.1597 	 77.4061 	 1.0068 
173.1632 	 75.4487 	 1.1111 
173.1667 	 78.2594 	 1.0239 
173.1701 	 78.0983 	 0.8761 
173.1736 	 75.0853 	 0.9898 
173.1771 	 74.3991 	 0.9227 
173.1806 	 78.5324 	 1.1092 
173.1840 	 80.4506 	 1.1373 
173.1875 	 85.2048 	 1.0580 
173.1910 	 89.6781 	 0.9871 
173.1944 	 84.1297 	 1.0751 
173.1979 	 77.5536 	 1.2446 
173.2014 	 82.3891 	 1.0751 
173.2049 	 79.8283 	 1.0086 
173.2083 	 75.9727 	 1.0239 
173.2118 	 75.6624 	 0.7479 
173.2153 	 71.0068 	 0.9386 
173.2188 	 71.1111 	 0.7906 
173.2222 	 67.7133 	 0.8532 
173.2257 	 64.9786 	 1.0256 
173.2292 	 65.3754 	 1.0410 
173.2326 	 65.2575 	 1.0086 
173.2361 	 68.0887 	 1.0751 
173.2396 	 64.6567 	 0.9657 
173.2431 	 66.2969 	 0.5973 
173.2465 	 61.4592 	 0.8155 
173.2500 	 68.6348 	 1.0751 
173.2535 	 75.8369 	 0.9227 
173.2569 	 75.0341 	 0.8874 
173.2604 	 72.9828 	 1.0300 
173.2639 	 74.5392 	 0.8191 
173.2674 	 73.8889 	 1.0043 
173.2708 	 72.5597 	 0.8703 
173.2743 	 75.1073 	 1.1588 
173.2778 	 80.5631 	 1.0751 
173.2813 	 82.0940 	 0.8120 
173.2847 	 90.2730 	 1.1604 
173.2882 	 80.7725 	 1.2661 
173.2917 	 86.5870 	 0.9727 
173.2951 	 82.4464 	 1.1373 
173.2986 	 83.4983 	 1.0410 
173.3021 	 81.8884 	 1.0944 
173.3056 	 81.0068 	 0.9215 
173.3090 	 85.8369 	 1.3519 
173.3125 	 85.3413 	 1.0751 
173.3160 	 85.4721 	 1.2446 
173.3194 	 87.3038 	 1.0410 
173.3229 	 85.7051 	 0.7906 
173.3264 	 83.6177 	 0.9215 
173.3299 	 79.6368 	 0.9402 
173.3333 	 78.1570 	 1.1092 
173.3368 	 76.6880 	 0.6838 
173.3403 	 79.8635 	 0.8362 
173.3438 	 78.0472 	 0.8584 
173.3472 	 76.8601 	 0.9727 
173.3507 	 74.0987 	 0.8369 
173.3542 	 74.5392 	 0.7338 
173.3576 	 76.9313 	 1.0300 
173.3611 	 68.3276 	 0.9386 
173.3646 	 67.4249 	 0.8798 
173.3681 	 71.3652 	 0.8362 
173.3715 	 71.6738 	 0.8369 
173.3750 	 75.3754 	 1.0580 
173.3785 	 78.2692 	 0.9402 
173.3819 	 78.9420 	 1.1433 
173.3854 	 82.2009 	 0.9188 
173.3889 	 75.1195 	 0.8532 
173.3924 	 76.3034 	 1.1325 
173.3958 	 70.5290 	 0.9386 
173.3993 	 62.9741 	 0.7974 
173.4028 	 63.6519 	 1.1945 
173.4063 	 70.5794 	 1.1373 
173.4097 	 65.6655 	 1.0580 
173.4132 	 62.7682 	 0.9871 
173.4167 	 68.1058 	 0.6826 
173.4201 	 77.7897 	 0.7725 
173.4236 	 74.9829 	 1.0922 
173.4271 	 70.1502 	 0.9013 
173.4306 	 62.0478 	 1.0239 
173.4340 	 67.4786 	 0.8120 
173.4375 	 64.5904 	 0.9727 
173.4410 	 61.7735 	 1.0470 
173.4444 	 61.8771 	 1.0239 
173.4479 	 61.6239 	 0.8333 
173.4514 	 61.5017 	 0.9727 
173.4549 	 65.9442 	 0.9657 
173.4583 	 67.4744 	 0.9386 
173.4618 	 63.9270 	 0.7511 
173.4653 	 64.7440 	 1.1433 
173.4688 	 75.8155 	 0.9871 
173.4722 	 74.2321 	 1.2287 
173.4757 	 76.8455 	 1.0086 
173.4792 	 74.8805 	 1.0922 
173.4826 	 76.3734 	 0.6652 
173.4861 	 80.5973 	 0.9556 
173.4896 	 85.4701 	 1.0684 
173.4931 	 81.1775 	 1.1433 
173.4965 	 73.7393 	 1.0043 
173.5000 	 66.2628 	 1.1433 
173.5035 	 69.3162 	 1.1538 
173.5069 	 69.3686 	 0.9898 
173.5104 	 71.6453 	 1.0043 
173.5139 	 70.4778 	 1.0068 
173.5174 	 77.2318 	 0.9871 
173.5208 	 72.2432 	 0.8733 
173.5243 	 73.9009 	 0.6034 
173.5278 	 71.5017 	 1.0580 
173.5313 	 71.5880 	 0.9871 
173.5347 	 68.7884 	 0.8020 
173.5382 	 74.6137 	 1.0086 
173.5417 	 79.4881 	 0.9898 
173.5451 	 83.2265 	 1.2179 
173.5486 	 68.8908 	 0.8020 
173.5521 	 66.1752 	 0.9402 
173.5556 	 61.1775 	 0.9556 
173.5590 	 67.3932 	 0.8974 
173.5625 	 50.4266 	 1.0751 
173.5660 	 47.8419 	 0.9188 
173.5694 	 53.3788 	 1.1092 
173.5729 	 61.3090 	 0.9227 
173.5764 	 52.8498 	 0.9898 
173.5799 	 51.3948 	 0.7725 
173.5833 	 48.5666 	 0.8703 
173.5868 	 46.8455 	 0.8584 
173.5903 	 44.6246 	 0.7338 
173.5938 	 46.3948 	 0.7725 
173.5972 	 43.4130 	 1.0922 
173.6007 	 36.9872 	 0.7906 
173.6042 	 40.6485 	 0.8874 
173.6076 	 42.9915 	 0.9402 
173.6111 	 45.3925 	 0.8874 
173.6146 	 46.0684 	 0.8761 
173.6181 	 47.0648 	 1.0239 
173.6215 	 40.3632 	 0.8974 
173.6250 	 39.1809 	 0.7850 
173.6285 	 37.5966 	 0.7725 
173.6319 	 36.1092 	 1.0068 
173.6354 	 33.7768 	 0.6438 
173.6389 	 33.3276 	 0.9386 
173.6424 	 32.8755 	 1.0086 
173.6458 	 31.7123 	 1.0103 
173.6493 	 28.9270 	 0.9871 
173.6528 	 28.9249 	 0.7509 
173.6563 	 29.0598 	 0.9402 
173.6597 	 27.2014 	 0.6655 
173.6632 	 28.8034 	 0.9188 
173.6667 	 30.6485 	 0.6826 
173.6701 	 28.8889 	 0.8547 
173.6736 	 31.4505 	 1.1433 
173.6771 	 32.1795 	 0.7692 
173.6806 	 30.0683 	 0.9215 
173.6840 	 25.7725 	 0.8798 
173.6875 	 18.4300 	 0.7167 
173.6910 	 17.4893 	 0.6009 
173.6944 	 17.9693 	 0.6655 
173.6979 	 17.2747 	 0.4936 
173.7014 	 18.3959 	 0.7167 
173.7049 	 23.8841 	 0.8369 
173.7083 	 26.8942 	 1.0751 
173.7118 	 26.6667 	 0.9829 
173.7153 	 25.8532 	 0.8703 
173.7188 	 24.1880 	 0.8120 
173.7222 	 23.8737 	 0.8874 
173.7257 	 26.1111 	 0.8333 
173.7292 	 26.5529 	 1.0410 
173.7326 	 27.2863 	 1.0043 
173.7361 	 28.1911 	 0.7850 
173.7396 	 25.5579 	 0.7725 
173.7431 	 27.3379 	 1.0922 
173.7465 	 25.9013 	 0.7511 
173.7500 	 23.0546 	 0.7679 
173.7535 	 22.3176 	 0.6652 
173.7569 	 22.0307 	 0.9727 
173.7604 	 19.9571 	 0.6223 
173.7639 	 18.7713 	 0.6485 
173.7674 	 19.0385 	 0.5769 
173.7708 	 20.4281 	 0.7534 
173.7743 	 18.9530 	 0.6838 
173.7778 	 19.1638 	 1.0239 
173.7813 	 18.2692 	 0.6624 
173.7847 	 16.9795 	 0.8191 
173.7882 	 16.5598 	 0.7692 
173.7917 	 15.4778 	 0.6997 
173.7951 	 12.1888 	 0.5794 
173.7986 	 11.6553 	 0.6997 
173.8021 	 12.3605 	 0.6867 
173.8056 	 11.1433 	 0.5461 
173.8090 	 11.2876 	 0.6223 
173.8125 	 12.1331 	 0.7509 
173.8160 	 13.1974 	 0.6223 
173.8194 	 16.1433 	 0.6485 
173.8229 	 13.9530 	 0.8120 
173.8264 	 12.8669 	 0.6826 
173.8299 	 11.4316 	 0.6624 
173.8333 	 11.8430 	 0.5119 
173.8368 	 13.2265 	 0.7692 
173.8403 	 11.9966 	 0.7167 
173.8438 	 11.4103 	 0.6624 
173.8472 	 18.5154 	 1.0580 
173.8507 	 16.6524 	 1.0515 
173.8542 	 15.8532 	 0.7338 
173.8576 	 12.4249 	 0.6867 
173.8611 	 11.1945 	 0.7338 
173.8646 	 11.9313 	 0.6652 
173.8681 	 17.4403 	 1.0410 
173.8715 	 16.4378 	 0.8155 
173.8750 	 15.0683 	 0.8362 
173.8785 	 14.9359 	 0.7479 
173.8819 	 15.0683 	 0.6314 
173.8854 	 16.9658 	 0.8761 
173.8889 	 18.2082 	 0.9215 
173.8924 	 18.3476 	 0.7725 
173.8958 	 18.1570 	 0.8362 
173.8993 	 14.3376 	 0.8547 
173.9028 	 15.2218 	 0.9044 
173.9063 	 19.3991 	 0.7511 
173.9097 	 20.8191 	 1.1263 
173.9132 	 19.1202 	 1.1373 
173.9167 	 19.4027 	 1.1092 
173.9201 	 18.1116 	 0.9657 
173.9236 	 17.2526 	 1.0751 
173.9271 	 16.3949 	 0.9227 
173.9306 	 16.5870 	 0.9727 
173.9340 	 16.6239 	 0.6624 
173.9375 	 16.7577 	 1.1945 
173.9410 	 13.4188 	 0.7692 
173.9444 	 16.3993 	 0.9215 
173.9479 	 15.7479 	 1.1111 
173.9514 	 17.4573 	 0.9898 
173.9549 	 17.4145 	 1.1325 
173.9583 	 15.9556 	 0.8703 
173.9618 	 17.3820 	 0.9442 
173.9653 	 18.1229 	 0.9727 
173.9688 	 20.7511 	 1.0944 
173.9722 	 16.7235 	 0.6655 
173.9757 	 20.2361 	 0.8798 
173.9792 	 16.2287 	 0.6314 
173.9826 	 16.6524 	 0.7725 
173.9861 	 19.3515 	 1.0410 
173.9896 	 19.0812 	 1.0256 
173.9931 	 18.0375 	 1.0410 
173.9965 	 16.4316 	 0.7479 
174.0000 	 14.8630 	 0.8562 
