Time-Day of Year 	 Electron flux 	 Proton flux 	 (Flux in the units of counts/sq cm.sec.sr) 
83.0035 	 101.3090 	 1.4807 
83.0069 	 103.2594 	 1.3993 
83.0104 	 101.1752 	 1.4316 
83.0139 	 101.7918 	 1.3823 
83.0174 	 100.0427 	 1.4744 
83.0208 	 102.1502 	 1.3140 
83.0243 	 104.4444 	 1.4316 
83.0278 	 107.0990 	 1.5870 
83.0313 	 108.2189 	 1.5236 
83.0347 	 114.1809 	 1.7065 
83.0382 	 117.1459 	 1.7167 
83.0417 	 111.5870 	 1.3481 
83.0451 	 115.2361 	 1.3305 
83.0486 	 116.7918 	 1.3823 
83.0521 	 129.1379 	 1.9612 
83.0556 	 129.5222 	 1.6212 
83.0590 	 121.9528 	 1.5880 
83.0625 	 132.8498 	 1.7577 
83.0660 	 138.8889 	 1.5385 
83.0694 	 143.8737 	 1.5358 
83.0729 	 144.2094 	 1.4316 
83.0764 	 143.6689 	 1.4676 
83.0799 	 147.0513 	 1.5171 
83.0833 	 146.4505 	 1.5188 
83.0868 	 148.4549 	 1.2876 
83.0903 	 153.1229 	 1.4334 
83.0938 	 159.1846 	 1.6309 
83.0972 	 163.4642 	 1.5529 
83.1007 	 164.7854 	 1.6738 
83.1042 	 170.1365 	 1.3311 
83.1076 	 172.4464 	 1.4592 
83.1111 	 170.4437 	 1.5700 
83.1146 	 168.7554 	 1.2017 
83.1181 	 171.5188 	 1.3823 
83.1215 	 173.2051 	 1.4957 
83.1250 	 181.5870 	 1.5870 
83.1285 	 186.4316 	 1.0256 
83.1319 	 188.9761 	 1.1433 
83.1354 	 196.1325 	 1.4957 
83.1389 	 198.6348 	 1.3481 
83.1424 	 207.0815 	 1.3305 
83.1458 	 214.0785 	 1.0580 
83.1493 	 213.7124 	 1.2232 
83.1528 	 214.5051 	 1.6382 
83.1563 	 207.8112 	 1.5451 
83.1597 	 209.9659 	 1.3311 
83.1632 	 209.6567 	 1.2232 
83.1667 	 220.9727 	 1.4505 
83.1701 	 230.9657 	 1.2661 
83.1736 	 235.1365 	 1.5700 
83.1771 	 241.2446 	 1.3519 
83.1806 	 252.5256 	 1.3140 
83.1840 	 258.3974 	 1.6880 
83.1875 	 258.3959 	 1.5017 
83.1910 	 258.8462 	 1.4957 
83.1944 	 269.7440 	 1.6041 
83.1979 	 257.9399 	 1.2446 
83.2014 	 265.0341 	 1.5017 
83.2049 	 289.9571 	 1.3090 
83.2083 	 301.9113 	 1.6382 
83.2118 	 313.9700 	 1.5880 
83.2153 	 306.5529 	 1.5017 
83.2188 	 325.5150 	 1.1588 
83.2222 	 371.1604 	 1.6724 
83.2257 	 353.8841 	 1.5451 
83.2292 	 347.3037 	 1.6724 
83.2326 	 359.8932 	 1.6667 
83.2361 	 358.3959 	 1.5017 
83.2396 	 355.5128 	 1.4316 
83.2431 	 356.7918 	 1.5188 
83.2465 	 363.2692 	 1.5385 
83.2500 	 402.7304 	 1.3140 
83.2535 	 378.2618 	 1.6094 
83.2569 	 367.6792 	 1.8089 
83.2604 	 386.7167 	 1.3734 
83.2639 	 401.4846 	 1.7065 
83.2674 	 435.4721 	 2.0172 
83.2708 	 470.2048 	 1.5529 
83.2743 	 482.5537 	 1.7382 
83.2778 	 511.0580 	 1.8430 
83.2813 	 537.8541 	 1.7811 
83.2847 	 529.5051 	 1.7577 
83.2882 	 501.4744 	 1.7308 
83.2917 	 493.3447 	 1.3652 
83.2951 	 499.5299 	 1.3675 
83.2986 	 474.4692 	 1.2329 
83.3021 	 510.2992 	 2.0085 
83.3056 	 503.5324 	 1.6212 
83.3090 	 491.6667 	 1.5812 
83.3125 	 499.0444 	 1.5358 
83.3160 	 496.4807 	 1.2876 
83.3194 	 533.9249 	 1.6041 
83.3229 	 514.4850 	 1.5665 
83.3264 	 524.3686 	 1.8259 
83.3299 	 533.9270 	 1.4592 
83.3333 	 518.7201 	 1.4846 
83.3368 	 520.3433 	 1.4807 
83.3403 	 510.3242 	 1.6212 
83.3438 	 512.5855 	 1.7308 
83.3472 	 541.0751 	 1.7065 
83.3507 	 552.1581 	 1.3248 
83.3542 	 580.9215 	 1.3652 
83.3576 	 572.7992 	 1.6453 
83.3611 	 561.8601 	 1.4676 
83.3646 	 559.8291 	 1.5598 
83.3681 	 569.4369 	 1.7235 
83.3715 	 581.0086 	 1.5236 
83.3750 	 570.1365 	 1.7065 
83.3785 	 528.6910 	 1.4807 
83.3819 	 521.6212 	 1.5700 
83.3854 	 502.3391 	 1.5665 
83.3889 	 480.8532 	 1.4676 
83.3924 	 517.6824 	 1.5665 
83.3958 	 525.0853 	 1.5358 
83.3993 	 480.9188 	 1.6453 
83.4028 	 477.3891 	 1.3311 
83.4063 	 476.7949 	 1.6880 
83.4097 	 464.8123 	 1.7747 
83.4132 	 488.6966 	 1.8376 
83.4167 	 479.3857 	 1.4676 
83.4201 	 473.4402 	 1.6667 
83.4236 	 485.9589 	 1.2500 
83.4271 	 488.7339 	 1.1803 
83.4306 	 480.9215 	 1.7406 
83.4340 	 463.9485 	 1.2017 
83.4375 	 449.7099 	 1.7406 
83.4410 	 451.2876 	 1.3948 
83.4444 	 452.7816 	 1.6382 
83.4479 	 457.2318 	 1.3948 
83.4514 	 454.2491 	 1.2969 
83.4549 	 445.6838 	 1.3248 
83.4583 	 436.4676 	 1.6553 
83.4618 	 426.3462 	 1.7094 
83.4653 	 413.8737 	 1.5188 
83.4688 	 421.1325 	 1.6239 
83.4722 	 415.6314 	 1.4505 
83.4757 	 397.6923 	 1.6239 
83.4792 	 286.1775 	 1.4846 
83.4826 	 290.0644 	 1.2017 
83.4861 	 295.6314 	 1.6041 
83.4896 	 232.1030 	 1.1803 
83.4931 	 197.7304 	 1.7065 
83.4965 	 218.1545 	 1.3305 
83.5000 	 262.2355 	 1.4334 
83.5035 	 278.0472 	 1.3948 
83.5069 	 296.9625 	 1.9966 
83.5104 	 318.0983 	 1.6880 
83.5139 	 319.6246 	 1.5700 
83.5174 	 301.8162 	 1.5171 
83.5208 	 268.6178 	 1.1775 
83.5243 	 235.5556 	 1.4530 
83.5278 	 238.5324 	 1.3481 
83.5313 	 237.7564 	 1.5171 
83.5347 	 206.8089 	 1.5358 
83.5382 	 203.8627 	 1.3734 
83.5417 	 207.6792 	 1.3481 
83.5451 	 217.6180 	 1.1588 
83.5486 	 200.0514 	 1.4555 
83.5521 	 190.9442 	 1.4592 
83.5556 	 184.4027 	 1.3823 
83.5590 	 179.1416 	 1.5021 
83.5625 	 189.4027 	 1.6041 
83.5660 	 177.2650 	 1.3889 
83.5694 	 161.3140 	 1.2457 
83.5729 	 154.5299 	 1.3248 
83.5764 	 153.6689 	 1.2969 
83.5799 	 156.6026 	 1.0043 
83.5833 	 147.5939 	 1.3652 
83.5868 	 145.1496 	 1.2607 
83.5903 	 155.3584 	 1.5358 
83.5938 	 162.4034 	 1.3948 
83.5972 	 149.1809 	 1.2969 
83.6007 	 140.9013 	 1.3090 
83.6042 	 133.1911 	 1.2969 
83.6076 	 126.0944 	 1.2446 
83.6111 	 115.8362 	 1.2969 
83.6146 	 106.5236 	 1.5021 
83.6181 	 96.4164 	 1.2287 
83.6215 	 91.1803 	 0.9871 
83.6250 	 84.0956 	 1.3311 
83.6285 	 83.7393 	 1.3889 
83.6319 	 79.2833 	 1.1604 
83.6354 	 69.6154 	 1.1752 
83.6389 	 63.0205 	 1.2799 
83.6424 	 57.6282 	 1.3034 
83.6458 	 49.5222 	 1.0922 
83.6493 	 41.9528 	 1.0730 
83.6528 	 36.2628 	 1.0751 
83.6563 	 35.1073 	 0.6867 
83.6597 	 30.6485 	 0.8532 
83.6632 	 25.9227 	 0.9657 
83.6667 	 18.7713 	 0.9727 
83.6701 	 12.4464 	 0.7511 
83.6736 	 8.1911 	 0.7509 
83.6771 	 6.1159 	 0.5794 
83.6806 	 5.3584 	 0.7338 
83.6840 	 9.5299 	 0.7906 
83.6875 	 12.6792 	 0.6485 
83.6910 	 6.1752 	 0.7051 
83.6944 	 4.4710 	 0.5461 
83.6979 	 5.0641 	 0.7906 
83.7014 	 5.7338 	 0.6655 
83.7049 	 6.8884 	 0.6223 
83.7083 	 8.0546 	 0.7509 
83.7118 	 8.3047 	 0.7296 
83.7153 	 9.3003 	 0.7679 
83.7188 	 8.6052 	 0.6652 
83.7222 	 10.6314 	 0.7679 
83.7257 	 10.1502 	 1.0515 
83.7292 	 7.7645 	 0.6655 
83.7326 	 8.3547 	 0.6838 
83.7361 	 8.2594 	 0.5290 
83.7396 	 8.1838 	 0.8547 
83.7431 	 6.3311 	 0.5973 
83.7465 	 5.2991 	 0.7479 
83.7500 	 4.4539 	 0.5973 
83.7535 	 5.0000 	 0.7906 
83.7569 	 4.8805 	 0.5631 
83.7604 	 5.7940 	 0.7296 
83.7639 	 4.7782 	 0.4437 
83.7674 	 5.5579 	 0.6009 
83.7708 	 6.8601 	 0.6655 
83.7743 	 5.1073 	 0.7296 
83.7778 	 5.8703 	 0.6997 
83.7813 	 6.3090 	 0.6223 
83.7847 	 5.6314 	 0.6997 
83.7882 	 5.5769 	 0.4701 
83.7917 	 6.3993 	 0.7167 
83.7951 	 5.2350 	 0.7051 
83.7986 	 5.3425 	 0.5651 
83.8021 	 5.4077 	 0.6867 
83.8056 	 5.5802 	 0.6655 
83.8090 	 4.7863 	 0.6197 
83.8125 	 5.0683 	 0.6655 
83.8160 	 5.8798 	 0.5150 
83.8194 	 5.3584 	 0.5973 
83.8229 	 7.2532 	 0.8155 
83.8264 	 6.9283 	 1.1775 
83.8299 	 9.8927 	 0.7511 
83.8333 	 8.3447 	 0.7167 
83.8368 	 8.7768 	 0.6223 
83.8403 	 8.6007 	 0.6655 
83.8438 	 10.8547 	 0.7265 
83.8472 	 10.3072 	 0.9898 
83.8507 	 10.8120 	 0.9402 
83.8542 	 10.6655 	 0.7850 
83.8576 	 9.1239 	 0.6410 
83.8611 	 9.6075 	 0.8703 
83.8646 	 9.2060 	 0.6009 
83.8681 	 8.6177 	 0.9556 
83.8715 	 9.1202 	 0.6652 
83.8750 	 8.8567 	 0.9215 
83.8785 	 8.2403 	 1.0944 
83.8819 	 7.0478 	 0.9044 
83.8854 	 7.2103 	 0.7725 
83.8889 	 7.6792 	 0.7338 
83.8924 	 6.9099 	 0.7940 
83.8958 	 7.3379 	 0.6826 
83.8993 	 9.4658 	 1.0256 
83.9028 	 9.2662 	 0.7509 
83.9063 	 12.7991 	 0.7906 
83.9097 	 12.7816 	 0.9727 
83.9132 	 12.8205 	 0.6624 
83.9167 	 12.5085 	 0.9898 
83.9201 	 9.2918 	 0.7940 
83.9236 	 7.7816 	 0.6826 
83.9271 	 9.0948 	 0.7974 
83.9306 	 10.2218 	 0.6485 
83.9340 	 10.3219 	 0.7296 
83.9375 	 12.4403 	 0.8703 
83.9410 	 12.7468 	 0.9871 
83.9444 	 10.3584 	 0.9386 
83.9479 	 9.4421 	 0.7725 
83.9514 	 8.8908 	 0.5631 
83.9549 	 7.4145 	 0.8333 
83.9583 	 7.3891 	 1.0751 
83.9618 	 7.7778 	 0.6624 
83.9653 	 6.9795 	 0.6826 
83.9688 	 6.3034 	 0.8761 
83.9722 	 6.6724 	 0.9556 
83.9757 	 7.9614 	 0.8798 
83.9792 	 7.0137 	 1.0922 
83.9826 	 7.2103 	 0.7296 
83.9861 	 6.7235 	 0.8362 
83.9896 	 7.2747 	 0.8155 
83.9931 	 7.8328 	 0.8020 
83.9965 	 9.0558 	 0.6652 
84.0000 	 9.1610 	 0.8904 
