Time-Day of Year 	 Electron flux 	 Proton flux 	 (Flux in the units of counts/sq cm.sec.sr) 
199.0035 	 705.7679 	 2.1672 
199.0069 	 726.7094 	 2.0299 
199.0104 	 739.6928 	 1.9113 
199.0139 	 742.7778 	 1.7521 
199.0174 	 701.3823 	 1.9454 
199.0208 	 716.0470 	 1.9444 
199.0243 	 730.3413 	 2.2184 
199.0278 	 720.1923 	 1.9017 
199.0313 	 717.2184 	 2.0137 
199.0347 	 753.4764 	 1.8884 
199.0382 	 764.6928 	 2.0307 
199.0417 	 729.8498 	 1.8026 
199.0451 	 763.9420 	 1.7065 
199.0486 	 755.7112 	 1.9397 
199.0521 	 788.5666 	 2.2014 
199.0556 	 821.4807 	 2.1245 
199.0590 	 787.9181 	 1.8942 
199.0625 	 744.7863 	 1.7735 
199.0660 	 775.7167 	 2.0137 
199.0694 	 822.5641 	 1.4530 
199.0729 	 924.2321 	 1.8430 
199.0764 	 958.9744 	 2.2650 
199.0799 	 1045.3242 	 2.0990 
199.0833 	 1008.1197 	 1.8803 
199.0868 	 1051.6212 	 1.9454 
199.0903 	 1166.3948 	 2.2103 
199.0938 	 1105.4437 	 2.3891 
199.0972 	 1027.7253 	 2.1459 
199.1007 	 1074.6075 	 1.9454 
199.1042 	 1157.6609 	 2.0601 
199.1076 	 1163.8055 	 2.1331 
199.1111 	 1219.0558 	 2.1245 
199.1146 	 1331.2628 	 1.7747 
199.1181 	 1297.6496 	 1.7094 
199.1215 	 1352.4573 	 1.6894 
199.1250 	 1512.0940 	 2.0726 
199.1285 	 1591.5188 	 2.1672 
199.1319 	 1671.7521 	 1.9444 
199.1354 	 1771.3311 	 2.0307 
199.1389 	 1835.9402 	 1.8590 
199.1424 	 1917.6792 	 1.8771 
199.1458 	 1975.9442 	 2.3605 
199.1493 	 1865.7167 	 2.2867 
199.1528 	 1672.8970 	 1.9528 
199.1563 	 1601.0580 	 1.9625 
199.1597 	 1647.3605 	 1.9528 
199.1632 	 1636.6382 	 1.7577 
199.1667 	 1781.5021 	 2.2532 
199.1701 	 1721.1945 	 1.7918 
199.1736 	 1683.1760 	 1.8884 
199.1771 	 1846.1945 	 2.0819 
199.1806 	 1834.2735 	 2.1581 
199.1840 	 1740.3413 	 2.0990 
199.1875 	 1798.8248 	 1.6667 
199.1910 	 1753.9249 	 1.9625 
199.1944 	 1584.4444 	 1.8162 
199.1979 	 1696.6724 	 2.2355 
199.2014 	 1774.6352 	 2.1245 
199.2049 	 1775.0853 	 2.1672 
199.2083 	 1814.4421 	 1.9313 
199.2118 	 1809.4710 	 1.9454 
199.2153 	 1879.0693 	 2.2511 
199.2188 	 1911.4164 	 2.5597 
199.2222 	 1876.6953 	 2.0386 
199.2257 	 1811.8601 	 2.0137 
199.2292 	 1729.5940 	 2.2009 
199.2326 	 1666.7065 	 1.9795 
199.2361 	 1678.7179 	 2.1154 
199.2396 	 1641.3481 	 2.1672 
199.2431 	 1442.7564 	 2.0085 
199.2465 	 1365.2389 	 2.0648 
199.2500 	 1305.0214 	 2.3932 
199.2535 	 1296.4334 	 1.9795 
199.2569 	 1269.7854 	 1.9313 
199.2604 	 1213.4983 	 1.8089 
199.2639 	 1269.2275 	 2.1888 
199.2674 	 1300.8703 	 1.8259 
199.2708 	 1267.8326 	 2.2318 
199.2743 	 1325.4266 	 1.7577 
199.2778 	 1404.8712 	 2.0386 
199.2813 	 1293.9590 	 1.9966 
199.2847 	 1594.8718 	 2.1581 
199.2882 	 1638.5154 	 2.3208 
199.2917 	 1493.7607 	 1.8376 
199.2951 	 1400.2218 	 1.9625 
199.2986 	 1236.4103 	 1.7521 
199.3021 	 1242.2089 	 2.0205 
199.3056 	 1161.7735 	 2.2650 
199.3090 	 1168.3276 	 1.7747 
199.3125 	 1211.4807 	 2.2961 
199.3160 	 1237.6962 	 1.9283 
199.3194 	 1298.4979 	 2.2318 
199.3229 	 1194.1297 	 1.5700 
199.3264 	 1247.6824 	 2.5536 
199.3299 	 1290.9727 	 2.0307 
199.3333 	 1305.6652 	 1.8455 
199.3368 	 1241.2287 	 2.1331 
199.3403 	 1233.7179 	 2.0085 
199.3438 	 1271.9966 	 2.0990 
199.3472 	 1230.1496 	 1.9017 
199.3507 	 1256.7235 	 2.2867 
199.3542 	 1249.5940 	 1.9658 
199.3576 	 1243.5154 	 2.0990 
199.3611 	 1158.8462 	 1.9444 
199.3646 	 1086.0922 	 1.5700 
199.3681 	 1024.9571 	 2.0815 
199.3715 	 1028.0205 	 1.9454 
199.3750 	 1047.2318 	 1.9099 
199.3785 	 1027.4915 	 1.9454 
199.3819 	 1002.2318 	 2.2318 
199.3854 	 984.9829 	 2.0819 
199.3889 	 1009.6996 	 1.7382 
199.3924 	 981.8259 	 1.5529 
199.3958 	 954.7008 	 1.8162 
199.3993 	 1084.7782 	 1.7235 
199.4028 	 1223.9103 	 1.8376 
199.4063 	 1259.3345 	 2.0990 
199.4097 	 870.6624 	 1.6026 
199.4132 	 751.5529 	 1.7406 
199.4167 	 771.4957 	 1.8376 
199.4201 	 758.1058 	 2.0990 
199.4236 	 711.2661 	 1.6738 
199.4271 	 733.4471 	 1.9454 
199.4306 	 743.6422 	 1.6810 
199.4340 	 708.1058 	 1.6382 
199.4375 	 723.9914 	 1.9957 
199.4410 	 701.1092 	 1.7577 
199.4444 	 712.0815 	 1.3948 
199.4479 	 688.2935 	 1.5017 
199.4514 	 701.4530 	 1.5812 
199.4549 	 668.6178 	 1.6724 
199.4583 	 679.3803 	 1.4103 
199.4618 	 685.7679 	 1.4505 
199.4653 	 676.6880 	 1.7094 
199.4688 	 643.3959 	 1.6382 
199.4722 	 603.8675 	 1.5812 
199.4757 	 614.7952 	 1.7235 
199.4792 	 593.1760 	 1.6738 
199.4826 	 585.8021 	 1.7747 
199.4861 	 592.3605 	 1.6738 
199.4896 	 578.9761 	 1.7235 
199.4931 	 543.4978 	 1.3734 
199.4965 	 551.4846 	 1.6041 
199.5000 	 524.4206 	 1.5880 
199.5035 	 552.7133 	 1.4164 
199.5069 	 523.5256 	 1.7094 
199.5104 	 492.7986 	 1.6382 
199.5139 	 563.9103 	 1.5812 
199.5174 	 565.4096 	 1.7406 
199.5208 	 551.6667 	 2.1368 
199.5243 	 531.0580 	 1.5017 
199.5278 	 523.7179 	 1.9444 
199.5313 	 517.1331 	 1.6894 
199.5347 	 500.1073 	 1.3734 
199.5382 	 485.1536 	 1.7235 
199.5417 	 484.4635 	 1.6953 
199.5451 	 484.3345 	 1.6724 
199.5486 	 477.3605 	 1.6953 
199.5521 	 474.2321 	 1.9795 
199.5556 	 476.2931 	 1.4009 
199.5590 	 465.9386 	 1.4505 
199.5625 	 459.7863 	 1.7308 
199.5660 	 452.9010 	 1.6041 
199.5694 	 450.7692 	 1.9017 
199.5729 	 439.3857 	 1.9795 
199.5764 	 423.4829 	 1.4744 
199.5799 	 444.2321 	 1.6382 
199.5833 	 429.7009 	 1.7521 
199.5868 	 428.3788 	 1.9454 
199.5903 	 387.7468 	 1.8240 
199.5938 	 421.2287 	 1.6041 
199.5972 	 437.5751 	 1.6309 
199.6007 	 446.4676 	 1.8259 
199.6042 	 450.4292 	 1.4378 
199.6076 	 457.3720 	 1.7065 
199.6111 	 457.1245 	 1.5021 
199.6146 	 439.0956 	 1.3993 
199.6181 	 440.6624 	 2.0085 
199.6215 	 400.7167 	 1.2116 
199.6250 	 428.8675 	 1.6453 
199.6285 	 435.8191 	 1.9283 
199.6319 	 438.2906 	 1.7521 
199.6354 	 435.0171 	 1.7577 
199.6389 	 441.5665 	 1.6738 
199.6424 	 417.9181 	 1.7406 
199.6458 	 431.9528 	 1.5665 
199.6493 	 429.9147 	 1.5017 
199.6528 	 432.0172 	 1.5451 
199.6563 	 421.8601 	 1.5870 
199.6597 	 427.3176 	 1.5665 
199.6632 	 438.7884 	 1.7918 
199.6667 	 424.6352 	 1.9742 
199.6701 	 410.3413 	 1.3993 
199.6736 	 421.2179 	 1.6667 
199.6771 	 422.8840 	 1.5700 
199.6806 	 410.8333 	 1.9658 
199.6840 	 413.5445 	 1.8664 
199.6875 	 405.8547 	 310.3632 
199.6910 	 402.0478 	 1.5870 
199.6944 	 375.2790 	 1.3519 
199.6979 	 374.9317 	 1.5700 
199.7014 	 393.4764 	 1.7382 
199.7049 	 422.9181 	 1.8430 
199.7083 	 407.8970 	 1.5665 
199.7118 	 399.2321 	 1.7065 
199.7153 	 404.4850 	 1.7597 
199.7188 	 407.9181 	 1.7406 
199.7222 	 405.0215 	 1.5021 
199.7257 	 411.6894 	 1.7065 
199.7292 	 411.0043 	 1.7521 
199.7326 	 420.7167 	 1.5870 
199.7361 	 417.0727 	 1.6026 
199.7396 	 412.2355 	 1.7918 
199.7431 	 401.6239 	 1.5385 
199.7465 	 409.9317 	 1.6212 
199.7500 	 410.0429 	 1.5236 
199.7535 	 418.7543 	 1.7406 
199.7569 	 414.3777 	 1.6094 
199.7604 	 419.1468 	 1.3823 
199.7639 	 409.1202 	 1.6953 
199.7674 	 404.7440 	 1.6553 
199.7708 	 405.7511 	 1.7811 
199.7743 	 392.3549 	 1.8089 
199.7778 	 388.6695 	 1.8240 
199.7813 	 388.1229 	 1.4505 
199.7847 	 394.1026 	 1.5812 
199.7882 	 395.9386 	 1.4505 
199.7917 	 408.2906 	 1.7521 
199.7951 	 411.4164 	 1.6382 
199.7986 	 426.5812 	 1.6026 
199.8021 	 432.6621 	 1.8259 
199.8056 	 434.5279 	 1.5880 
199.8090 	 426.9863 	 1.6438 
199.8125 	 429.2919 	 1.7597 
199.8160 	 433.1570 	 1.6724 
199.8194 	 431.9957 	 1.7597 
199.8229 	 431.0239 	 1.5017 
199.8264 	 419.2489 	 1.7597 
199.8299 	 404.1809 	 1.5700 
199.8333 	 411.8455 	 1.5880 
199.8368 	 404.7440 	 1.5017 
199.8403 	 411.3248 	 1.5385 
199.8438 	 401.1263 	 1.7235 
199.8472 	 401.8590 	 1.3462 
199.8507 	 391.9454 	 1.3140 
199.8542 	 399.5299 	 1.5171 
199.8576 	 391.4846 	 1.5870 
199.8611 	 400.4292 	 1.8455 
199.8646 	 405.9386 	 1.7065 
199.8681 	 391.5236 	 1.6094 
199.8715 	 393.1570 	 1.8259 
199.8750 	 397.1245 	 1.8240 
199.8785 	 387.2014 	 1.5529 
199.8819 	 396.9528 	 1.5880 
199.8854 	 399.8976 	 1.5188 
199.8889 	 399.4850 	 1.9528 
199.8924 	 401.1604 	 1.7406 
199.8958 	 404.5299 	 1.3675 
199.8993 	 405.9727 	 1.5870 
199.9028 	 411.3462 	 1.6239 
199.9063 	 416.5700 	 1.6724 
199.9097 	 413.6111 	 1.7949 
199.9132 	 397.3208 	 1.5529 
199.9167 	 411.8884 	 1.5665 
199.9201 	 423.9420 	 1.6212 
199.9236 	 445.1931 	 1.5451 
199.9271 	 441.2799 	 1.5870 
199.9306 	 457.4678 	 1.4163 
199.9340 	 461.6212 	 1.6382 
199.9375 	 466.2931 	 1.5733 
199.9410 	 465.3754 	 1.4505 
199.9444 	 461.0515 	 1.8240 
199.9479 	 468.6860 	 1.9966 
199.9514 	 478.7179 	 1.5598 
199.9549 	 494.2491 	 1.6553 
199.9583 	 497.9701 	 1.8376 
199.9618 	 500.7850 	 1.7918 
199.9653 	 502.2436 	 1.6026 
199.9688 	 511.0239 	 1.7406 
199.9722 	 518.7124 	 1.6309 
199.9757 	 526.9454 	 1.5700 
199.9792 	 532.3176 	 1.7167 
199.9826 	 544.1468 	 1.7065 
199.9861 	 535.1502 	 1.2876 
199.9896 	 535.4266 	 1.4676 
199.9931 	 527.3820 	 1.8026 
199.9965 	 540.1195 	 1.9966 
200.0000 	 532.0690 	 1.5948 
