Time-Day of Year 	 Electron flux 	 Proton flux 	 (Flux in the units of counts/sq cm.sec.sr) 
334.0035 	 5.0000 	 0.4077 
334.0069 	 6.4846 	 0.8191 
334.0104 	 5.9013 	 0.7940 
334.0139 	 6.9966 	 0.6655 
334.0174 	 7.6068 	 0.8974 
334.0208 	 6.9966 	 0.6143 
334.0243 	 8.8462 	 0.3846 
334.0278 	 7.9522 	 0.5119 
334.0313 	 7.4359 	 0.7906 
334.0347 	 7.4744 	 0.6143 
334.0382 	 7.6609 	 0.7082 
334.0417 	 6.7637 	 0.5479 
334.0451 	 6.8670 	 0.6438 
334.0486 	 7.6280 	 0.6485 
334.0521 	 6.9099 	 0.6009 
334.0556 	 6.8942 	 0.6655 
334.0590 	 5.9871 	 0.6867 
334.0625 	 6.9625 	 0.7167 
334.0660 	 7.2961 	 0.5794 
334.0694 	 7.1843 	 0.6143 
334.0729 	 6.9017 	 0.7051 
334.0764 	 8.2765 	 0.6314 
334.0799 	 7.5641 	 0.9188 
334.0833 	 8.1911 	 0.5461 
334.0868 	 8.7821 	 0.6410 
334.0903 	 9.1638 	 0.5802 
334.0938 	 9.8498 	 0.3863 
334.0972 	 11.3652 	 0.7509 
334.1007 	 12.6824 	 0.7940 
334.1042 	 13.5495 	 0.7167 
334.1076 	 13.7339 	 0.7511 
334.1111 	 16.1775 	 0.5290 
334.1146 	 20.5365 	 0.6652 
334.1181 	 20.6485 	 0.7167 
334.1215 	 19.8712 	 0.5150 
334.1250 	 21.2969 	 0.5631 
334.1285 	 20.3205 	 0.7051 
334.1319 	 22.8840 	 0.6143 
334.1354 	 23.0983 	 0.7051 
334.1389 	 23.9761 	 0.7850 
334.1424 	 27.4145 	 0.8761 
334.1458 	 30.0171 	 0.8703 
334.1493 	 32.8326 	 0.8584 
334.1528 	 35.0000 	 0.6997 
334.1563 	 31.4807 	 0.7082 
334.1597 	 45.1706 	 1.1092 
334.1632 	 70.0216 	 1.0560 
334.1667 	 85.4096 	 1.2628 
334.1701 	 76.6309 	 1.6309 
334.1736 	 69.6758 	 1.1604 
334.1771 	 63.1696 	 1.0045 
334.1806 	 54.2337 	 1.0536 
334.1840 	 47.7137 	 1.0470 
334.1875 	 47.4061 	 1.1263 
334.1910 	 51.3889 	 1.0256 
334.1944 	 54.3857 	 0.8874 
334.1979 	 57.7564 	 0.9829 
334.2014 	 60.6485 	 1.0068 
334.2049 	 61.1856 	 1.0309 
334.2083 	    NaN 	    NaN 
334.2118 	    NaN 	    NaN 
334.2153 	    NaN 	    NaN 
334.2188 	    NaN 	    NaN 
334.2222 	    NaN 	    NaN 
334.2257 	    NaN 	    NaN 
334.2292 	    NaN 	    NaN 
334.2326 	    NaN 	    NaN 
334.2361 	    NaN 	    NaN 
334.2396 	    NaN 	    NaN 
334.2431 	    NaN 	    NaN 
334.2465 	    NaN 	    NaN 
334.2500 	    NaN 	    NaN 
334.2535 	 53.0000 	 1.0000 
334.2569 	 50.1365 	 1.3140 
334.2604 	 53.0258 	 1.0086 
334.2639 	 53.5495 	 1.3652 
334.2674 	 55.1502 	 1.4592 
334.2708 	 51.9795 	 1.3823 
334.2743 	 53.0472 	 1.0730 
334.2778 	 54.2491 	 0.9898 
334.2813 	 49.9785 	 1.1373 
334.2847 	 47.2774 	 1.0788 
334.2882 	 45.6223 	 1.3090 
334.2917 	 44.5734 	 1.1433 
334.2951 	 39.4017 	 1.0897 
334.2986 	 38.2082 	 1.4164 
334.3021 	 39.1239 	 1.1111 
334.3056 	 39.4369 	 1.1263 
334.3090 	 37.7991 	 1.0684 
334.3125 	 40.8191 	 1.2969 
334.3160 	 40.4292 	 1.2017 
334.3194 	 34.4369 	 1.4676 
334.3229 	 34.0987 	 1.2876 
334.3264 	 35.6655 	 1.0751 
334.3299 	 34.6137 	 1.0944 
334.3333 	 37.0648 	 1.1433 
334.3368 	 38.4335 	 1.0944 
334.3403 	 40.1706 	 1.1775 
334.3438 	 38.2618 	 1.0730 
334.3472 	 36.0921 	 1.1775 
334.3507 	 37.0513 	 1.0897 
334.3542 	 38.9079 	 0.9727 
334.3576 	 39.5513 	 1.0043 
334.3611 	 37.7304 	 1.2287 
334.3646 	 35.9829 	 0.9615 
334.3681 	 35.9727 	 1.2628 
334.3715 	 33.5408 	 1.2017 
334.3750 	 30.3413 	 0.8362 
334.3785 	 29.5494 	 1.0515 
334.3819 	 29.6758 	 1.1092 
334.3854 	 28.3047 	 0.9871 
334.3889 	 32.8157 	 1.2969 
334.3924 	 35.6438 	 1.3305 
334.3958 	 35.0341 	 1.3140 
334.3993 	 32.8326 	 1.1159 
334.4028 	 31.4846 	 1.2799 
334.4063 	 32.3176 	 1.0086 
334.4097 	 28.6177 	 0.9727 
334.4132 	 28.3621 	 1.1422 
334.4167 	 26.1433 	 0.9727 
334.4201 	 24.8291 	 1.0470 
334.4236 	 22.5427 	 1.1092 
334.4271 	 21.1803 	 1.0086 
334.4306 	 21.3140 	 0.9727 
334.4340 	 21.2446 	 1.0944 
334.4375 	 21.2457 	 0.9386 
334.4410 	 21.1803 	 1.0300 
334.4444 	 19.6587 	 1.0068 
334.4479 	 20.4077 	 0.9657 
334.4514 	 20.5461 	 1.2287 
334.4549 	 19.2275 	 1.0515 
334.4583 	 18.2082 	 1.0580 
334.4618 	 17.2650 	 1.0470 
334.4653 	 16.7747 	 1.0068 
334.4688 	 17.6282 	 1.0684 
334.4722 	 14.5051 	 0.9044 
334.4757 	 14.1026 	 0.8974 
334.4792 	 12.4573 	 0.8874 
334.4826 	 12.4678 	 0.6652 
334.4861 	 11.7577 	 0.9386 
334.4896 	 11.6094 	 1.1373 
334.4931 	 11.7577 	 0.9044 
334.4965 	 12.6395 	 1.0086 
334.5000 	 11.4676 	 0.6997 
334.5035 	 11.9742 	 0.7940 
334.5069 	 15.1877 	 0.9727 
334.5104 	 13.4120 	 1.0300 
334.5139 	 12.2526 	 0.8874 
334.5174 	 10.9829 	 0.6838 
334.5208 	 10.5461 	 0.9215 
334.5243 	 10.5983 	 0.6410 
334.5278 	 10.1884 	 0.8904 
334.5313 	 10.2778 	 0.8547 
334.5347 	 8.3618 	 0.5631 
334.5382 	 5.9442 	 0.4936 
334.5417 	 5.0341 	 0.6314 
334.5451 	 5.6867 	 0.5579 
334.5486 	 5.7338 	 0.6314 
334.5521 	 5.7511 	 0.6867 
334.5556 	 6.3652 	 0.8020 
334.5590 	 6.5236 	 0.7082 
334.5625 	 6.9625 	 0.6655 
334.5660 	 5.4292 	 0.6009 
334.5694 	 4.8294 	 0.6314 
334.5729 	 5.4701 	 0.4701 
334.5764 	 6.5188 	 0.7679 
334.5799 	 7.5855 	 0.5342 
334.5833 	 6.8942 	 0.7167 
334.5868 	 5.4701 	 0.5769 
334.5903 	 4.8123 	 0.4266 
334.5938 	 4.8498 	 0.6438 
334.5972 	 4.3515 	 0.6314 
334.6007 	 4.3348 	 0.4936 
334.6042 	 4.9488 	 0.5119 
334.6076 	 6.5451 	 0.5365 
334.6111 	 7.6109 	 0.6314 
334.6146 	 7.9614 	 0.5794 
334.6181 	 7.8328 	 0.8874 
334.6215 	 8.6910 	 0.8369 
334.6250 	 7.6451 	 0.8362 
334.6285 	 7.4145 	 0.7479 
334.6319 	 10.5802 	 0.9727 
334.6354 	 16.2821 	 0.7692 
334.6389 	 16.2287 	 1.0922 
334.6424 	 16.7949 	 0.7906 
334.6458 	 14.6587 	 0.8362 
334.6493 	 14.1164 	 0.8836 
334.6528 	 11.0239 	 0.6314 
334.6563 	 9.6996 	 0.6009 
334.6597 	 10.7338 	 0.6314 
334.6632 	 11.7382 	 0.6438 
334.6667 	 9.4710 	 0.7509 
334.6701 	 8.1116 	 0.6652 
334.6736 	 8.0887 	 0.8191 
334.6771 	 9.0558 	 0.7296 
334.6806 	 9.0785 	 0.5631 
334.6840 	 9.1667 	 0.8333 
334.6875 	 8.8055 	 0.6997 
334.6910 	 9.9359 	 0.7692 
334.6944 	 9.9147 	 0.7509 
334.6979 	 10.1068 	 0.7051 
334.7014 	 10.2389 	 0.7167 
334.7049 	 9.8927 	 0.7725 
334.7083 	 9.2150 	 0.9044 
334.7118 	 9.6137 	 0.7296 
334.7153 	 9.7782 	 0.6485 
334.7188 	 9.9142 	 0.9013 
334.7222 	 10.0512 	 0.6655 
334.7257 	 9.6996 	 1.0944 
334.7292 	 9.8464 	 0.5290 
334.7326 	 10.0214 	 0.8120 
334.7361 	 11.7406 	 1.0922 
334.7396 	 10.7265 	 0.8761 
334.7431 	 10.8191 	 0.9727 
334.7465 	 10.5128 	 0.7479 
334.7500 	 12.0648 	 0.9898 
334.7535 	 10.7479 	 0.7051 
334.7569 	 11.6382 	 0.7679 
334.7604 	 10.3863 	 0.9227 
334.7639 	 12.9352 	 0.9044 
334.7674 	 12.1030 	 0.7511 
334.7708 	 12.4486 	 0.8904 
334.7743 	 12.3605 	 1.0730 
334.7778 	 11.9113 	 0.8874 
334.7813 	 11.6524 	 1.0300 
334.7847 	 12.8157 	 0.8703 
334.7882 	 11.6453 	 0.6410 
334.7917 	 12.8669 	 0.8020 
334.7951 	 12.8419 	 0.8974 
334.7986 	 12.3038 	 0.6997 
334.8021 	 11.1538 	 0.8333 
334.8056 	 12.7304 	 0.7850 
334.8090 	 12.8541 	 0.9013 
334.8125 	 12.2355 	 1.2116 
334.8160 	 10.5794 	 0.7296 
334.8194 	 11.1263 	 0.7338 
334.8229 	 10.6438 	 0.7725 
334.8264 	 10.3413 	 1.0410 
334.8299 	 9.4635 	 0.6867 
334.8333 	 9.1638 	 0.8020 
334.8368 	 9.5923 	 0.9871 
334.8403 	 10.1195 	 0.9556 
334.8438 	 9.8504 	 0.8761 
334.8472 	 8.8225 	 0.7338 
334.8507 	 8.1410 	 0.7906 
334.8542 	 8.4300 	 0.5631 
334.8576 	 8.5256 	 0.5128 
334.8611 	 8.2935 	 0.6485 
334.8646 	 8.5837 	 0.8369 
334.8681 	 10.2560 	 0.6826 
334.8715 	 9.7639 	 0.7725 
334.8750 	 10.5973 	 0.8874 
334.8785 	 9.8927 	 0.8798 
334.8819 	 9.1297 	 0.9215 
334.8854 	 8.6052 	 0.7940 
334.8889 	 8.6644 	 0.5993 
334.8924 	 7.6180 	 0.6652 
334.8958 	 8.5836 	 0.8532 
334.8993 	 7.9274 	 0.6838 
334.9028 	 6.1604 	 0.6314 
334.9063 	 5.8333 	 0.5983 
334.9097 	 5.6826 	 0.8191 
334.9132 	 5.7906 	 0.7479 
334.9167 	 6.0410 	 0.8532 
334.9201 	 6.6524 	 0.6438 
334.9236 	 7.5256 	 0.8020 
334.9271 	 7.5536 	 0.6867 
334.9306 	 7.5768 	 0.7167 
334.9340 	 7.5322 	 0.8369 
334.9375 	 7.1672 	 0.7167 
334.9410 	 8.9700 	 1.1588 
334.9444 	 11.4676 	 0.8191 
334.9479 	 12.1888 	 0.7511 
334.9514 	 11.1945 	 0.5973 
334.9549 	 12.6709 	 0.8333 
334.9583 	 12.4573 	 0.7338 
334.9618 	 12.6923 	 0.7692 
334.9653 	 13.3959 	 0.7167 
334.9688 	 14.2094 	 0.7479 
334.9722 	 15.5119 	 0.8362 
334.9757 	 15.4292 	 0.7940 
334.9792 	 17.3891 	 0.6485 
334.9826 	 17.6395 	 0.5794 
334.9861 	 18.4642 	 0.7679 
334.9896 	 19.2060 	 0.9013 
334.9931 	 19.4198 	 0.7850 
334.9965 	 21.4378 	 0.7296 
335.0000 	 23.5274 	 0.9589 
