Time-Day of Year 	 Electron flux 	 Proton flux 	 (Flux in the units of counts/sq cm.sec.sr) 
153.0035 	 198.7339 	 1.4378 
153.0069 	 263.3106 	 1.5188 
153.0104 	 356.8803 	 2.2009 
153.0139 	 359.5563 	 1.8089 
153.0174 	 340.4701 	 1.8590 
153.0208 	 345.8703 	 1.6382 
153.0243 	 337.5855 	 1.9872 
153.0278 	 336.9113 	 1.6041 
153.0313 	 339.0987 	 1.6953 
153.0347 	 395.1536 	 1.7577 
153.0382 	 413.6695 	 2.0601 
153.0417 	 433.4642 	 1.6724 
153.0451 	 462.7039 	 1.8240 
153.0486 	 459.9829 	 1.6724 
153.0521 	 520.6438 	 1.8884 
153.0556 	 579.9317 	 1.8942 
153.0590 	 622.4464 	 2.0601 
153.0625 	 580.8874 	 2.0137 
153.0660 	 627.2863 	 1.8590 
153.0694 	 632.8328 	 1.9113 
153.0729 	 628.1410 	 1.8376 
153.0764 	 654.5904 	 1.9283 
153.0799 	 617.2863 	 1.6880 
153.0833 	 614.8293 	 1.7577 
153.0868 	 586.8669 	 1.7811 
153.0903 	 596.2457 	 2.1502 
153.0938 	 601.8669 	 2.1459 
153.0972 	 590.3413 	 1.7747 
153.1007 	 587.7682 	 2.1459 
153.1042 	 575.8362 	 1.7577 
153.1076 	 563.6266 	 2.2747 
153.1111 	 580.3242 	 1.8601 
153.1146 	 576.6953 	 2.0815 
153.1181 	 552.4144 	 1.8493 
153.1215 	 532.5641 	 1.8803 
153.1250 	 608.6519 	 1.7747 
153.1285 	 857.9914 	 1.9444 
153.1319 	 899.3686 	 1.9283 
153.1354 	 861.4103 	 1.9872 
153.1389 	 867.3720 	 1.9454 
153.1424 	 919.9786 	 2.4786 
153.1458 	 1044.9659 	 1.9966 
153.1493 	 1072.8755 	 2.1030 
153.1528 	 1091.3140 	 1.8089 
153.1563 	 1087.2532 	 2.0601 
153.1597 	 1200.5119 	 2.3720 
153.1632 	 1243.7339 	 1.7597 
153.1667 	 1306.4846 	 2.3549 
153.1701 	 1437.7253 	 2.1030 
153.1736 	 1518.9078 	 2.3208 
153.1771 	 1639.1880 	 1.9872 
153.1806 	 1567.2014 	 2.3379 
153.1840 	 1660.3632 	 2.0726 
153.1875 	 1743.6860 	 2.0648 
153.1910 	 1805.6624 	 2.3718 
153.1944 	 1711.5700 	 2.0307 
153.1979 	 1676.3675 	 2.2436 
153.2014 	 1652.8669 	 1.9283 
153.2049 	 1691.9957 	 2.3391 
153.2083 	 1705.9727 	 2.0307 
153.2118 	 1759.3991 	 2.2532 
153.2153 	 1753.6519 	 2.1672 
153.2188 	 1750.8369 	 2.5322 
153.2222 	 1797.4061 	 2.0307 
153.2257 	 1698.3262 	 2.8112 
153.2292 	 1668.9590 	 1.8942 
153.2326 	 1673.0983 	 2.4145 
153.2361 	 1952.9522 	 2.0990 
153.2396 	 1834.8927 	 2.4034 
153.2431 	 1764.5222 	 2.1160 
153.2465 	 1870.3632 	 2.5214 
153.2500 	 1895.6314 	 2.1331 
153.2535 	 1849.8504 	 1.7949 
153.2569 	 1800.0000 	 2.3549 
153.2604 	 1880.1502 	 2.1459 
153.2639 	 1935.0853 	 2.2696 
153.2674 	 1905.5794 	 2.3176 
153.2708 	 2008.6519 	 2.3549 
153.2743 	 1978.8197 	 2.6180 
153.2778 	 2182.7986 	 2.4744 
153.2813 	 2285.7296 	 2.3820 
153.2847 	 2236.2116 	 2.6109 
153.2882 	 2007.6609 	 2.1459 
153.2917 	 1898.7031 	 2.3891 
153.2951 	 2141.0897 	 2.4786 
153.2986 	 2198.5836 	 2.4744 
153.3021 	 2046.8376 	 2.4573 
153.3056 	 2270.9727 	 2.2355 
153.3090 	 2249.4872 	 2.1154 
153.3125 	 2217.5256 	 2.2355 
153.3160 	 2235.4292 	 2.1888 
153.3194 	 2182.6109 	 2.5768 
153.3229 	 2208.4979 	 2.3391 
153.3264 	 2062.1672 	 1.9625 
153.3299 	 1913.4979 	 1.9528 
153.3333 	 2018.7713 	 2.1502 
153.3368 	 2007.9828 	 1.8240 
153.3403 	 2004.5051 	 2.3208 
153.3438 	 2072.7253 	 2.1674 
153.3472 	 2056.8089 	 2.4232 
153.3507 	 2025.5128 	 1.9444 
153.3542 	 1942.6109 	 2.2526 
153.3576 	 1833.2479 	 2.1368 
153.3611 	 1886.5582 	 2.2089 
153.3646 	 1833.4188 	 2.0085 
153.3681 	 1776.4676 	 2.0307 
153.3715 	 1806.9528 	 2.2961 
153.3750 	 1892.9693 	 1.8601 
153.3785 	 1840.6223 	 2.3391 
153.3819 	 1795.0683 	 2.1843 
153.3854 	 1799.2275 	 1.8026 
153.3889 	 1900.5631 	 1.9113 
153.3924 	 1862.3391 	 2.1674 
153.3958 	 1757.3720 	 2.1331 
153.3993 	 1722.8112 	 2.1245 
153.4028 	 1646.9454 	 1.9966 
153.4063 	 1693.6111 	 2.0513 
153.4097 	 1631.3140 	 1.8430 
153.4132 	 1697.7350 	 2.3932 
153.4167 	 1757.9863 	 1.8771 
153.4201 	 1722.9487 	 2.1795 
153.4236 	 1688.8396 	 2.0648 
153.4271 	 1675.2575 	 2.6395 
153.4306 	 1684.4027 	 2.1160 
153.4340 	 1719.8283 	 2.0815 
153.4375 	 1665.5973 	 2.2696 
153.4410 	 1754.0558 	 2.1459 
153.4444 	 1755.8362 	 1.8601 
153.4479 	 1675.3219 	 2.1245 
153.4514 	 1709.0956 	 1.8089 
153.4549 	 1741.6738 	 1.8884 
153.4583 	 1825.8362 	 2.0819 
153.4618 	 1740.9402 	 1.8162 
153.4653 	 1779.0444 	 1.9625 
153.4688 	 1741.7949 	 1.8590 
153.4722 	 1721.9795 	 1.9625 
153.4757 	 1723.6111 	 1.9872 
153.4792 	 1717.6109 	 1.9283 
153.4826 	 1714.5064 	 2.0386 
153.4861 	 1769.7774 	 2.0205 
153.4896 	 1858.4615 	 1.9017 
153.4931 	 1978.8356 	 1.8493 
153.4965 	 2063.2906 	 2.1154 
153.5000 	 2041.7466 	 2.2089 
153.5035 	 2078.7393 	 2.0513 
153.5069 	 2090.3082 	 1.8664 
153.5104 	 1913.7821 	 2.1581 
153.5139 	 1667.2432 	 1.5925 
153.5174 	 1674.1702 	 1.7447 
153.5208 	 1705.4281 	 1.8664 
153.5243 	 1673.1702 	 2.0638 
153.5278 	 1287.0719 	 2.0205 
153.5313 	 1368.6596 	 1.6809 
153.5347 	 1358.0137 	 1.8493 
153.5382 	 1524.6596 	 2.1064 
153.5417 	 1452.4055 	 1.8385 
153.5451 	 1554.5745 	 1.7872 
153.5486 	 1794.3986 	 1.9072 
153.5521 	 1884.0213 	 1.9362 
153.5556 	 1798.5911 	 2.5430 
153.5590 	 1733.8936 	 2.0426 
153.5625 	 1646.3230 	 2.1134 
153.5660 	 1562.9787 	 2.2340 
153.5694 	 1374.5017 	 1.6838 
153.5729 	 1475.6144 	 2.2034 
153.5764 	 1413.8488 	 1.8213 
153.5799 	 1358.2203 	 2.0127 
153.5833 	 1328.4536 	 2.0447 
153.5868 	 1266.3983 	 2.2034 
153.5903 	 1177.8351 	 2.0447 
153.5938 	 1123.3475 	 1.5678 
153.5972 	 929.8276 	 2.0000 
153.6007 	 953.8559 	 1.9280 
153.6042 	 969.0000 	 1.8276 
153.6076 	 913.8347 	 1.6525 
153.6111 	 889.3080 	 1.6263 
153.6146 	 866.1181 	 1.9198 
153.6181 	 878.4429 	 1.7820 
153.6215 	 840.9705 	 2.0253 
153.6250 	 864.6021 	 2.0242 
153.6285 	 718.3613 	 1.7437 
153.6319 	 546.6090 	 1.6782 
153.6354 	 436.5756 	 1.7227 
153.6389 	 556.4187 	 1.8685 
153.6424 	 670.1891 	 1.8067 
153.6458 	 611.3668 	 1.6609 
153.6493 	 595.5672 	 1.8487 
153.6528 	 646.1765 	 1.8858 
153.6563 	 649.2647 	 1.8277 
153.6597 	 649.5486 	 1.6146 
153.6632 	 664.7479 	 1.4706 
153.6667 	 629.8264 	 1.8750 
153.6701 	 625.3361 	 1.6176 
153.6736 	 595.3993 	 2.0139 
153.6771 	 569.4328 	 1.6176 
153.6806 	 570.7639 	 1.8924 
153.6840 	 528.4519 	 1.5690 
153.6875 	 513.3854 	 1.6667 
153.6910 	 513.0126 	 1.7782 
153.6944 	 505.4861 	 1.6840 
153.6979 	 477.9916 	 1.6527 
153.7014 	 473.7500 	 1.4236 
153.7049 	 491.3180 	 1.5272 
153.7083 	 481.3542 	 1.9097 
153.7118 	 452.5941 	 1.5690 
153.7153 	 445.5227 	 1.7073 
153.7188 	 438.0125 	 1.5481 
153.7222 	 434.0767 	 1.4983 
153.7257 	 434.0167 	 1.6736 
153.7292 	 429.4948 	 1.7596 
153.7326 	 419.6025 	 1.7155 
153.7361 	 402.0804 	 1.6608 
153.7396 	 347.7178 	 1.6598 
153.7431 	 299.3706 	 1.6434 
153.7465 	 288.0705 	 1.5560 
153.7500 	 282.9545 	 1.5385 
153.7535 	 241.6183 	 1.3693 
153.7569 	 200.2972 	 1.3462 
153.7604 	 164.8548 	 1.3900 
153.7639 	 114.5280 	 1.0664 
153.7674 	 97.4689 	 1.2448 
153.7708 	 65.8246 	 0.9825 
153.7743 	 46.7012 	 0.7676 
153.7778 	 36.4035 	 0.9474 
153.7813 	 36.9087 	 1.0166 
153.7847 	 24.5263 	 0.6842 
153.7882 	 32.4481 	 0.8091 
153.7917 	 43.8596 	 0.9123 
153.7951 	 42.7893 	 1.0950 
153.7986 	 32.3860 	 0.7193 
153.8021 	 23.3678 	 0.8058 
153.8056 	 25.3333 	 0.5439 
153.8090 	 19.6281 	 0.7025 
153.8125 	 48.7018 	 0.7193 
153.8160 	 79.1942 	 1.0331 
153.8194 	 68.3627 	 0.8275 
153.8229 	 27.1488 	 0.9091 
153.8264 	 15.6866 	 0.4754 
153.8299 	 24.3388 	 0.6818 
153.8333 	 30.0880 	 0.7394 
153.8368 	 30.3306 	 1.0124 
153.8403 	 38.9613 	 0.8803 
153.8438 	 36.3843 	 1.1570 
153.8472 	 38.2746 	 1.2148 
153.8507 	 41.3169 	 1.2346 
153.8542 	 33.1162 	 1.2324 
153.8576 	 32.1399 	 0.8025 
153.8611 	 42.8092 	 0.8657 
153.8646 	 50.2869 	 1.1680 
153.8681 	 54.1519 	 1.1661 
153.8715 	 59.7131 	 1.0656 
153.8750 	 49.1135 	 1.0461 
153.8785 	 34.3443 	 0.7172 
153.8819 	 34.8050 	 0.9220 
153.8854 	 38.5246 	 1.0246 
153.8889 	 45.1241 	 0.9752 
153.8924 	 49.2828 	 1.1475 
153.8958 	 40.3369 	 0.7092 
153.8993 	 35.3279 	 0.8607 
153.9028 	 34.0248 	 0.8511 
153.9063 	 36.9796 	 0.7347 
153.9097 	 30.2482 	 0.6206 
153.9132 	 55.4898 	 1.2653 
153.9167 	 62.5177 	 1.1525 
153.9201 	 50.2245 	 1.2245 
153.9236 	 129.3794 	 1.5780 
153.9271 	 175.0816 	 1.8163 
153.9306 	 182.8826 	 2.3488 
153.9340 	 181.3061 	 1.7551 
153.9375 	 134.9288 	 2.0107 
153.9410 	 134.1429 	 1.4898 
153.9444 	 145.7651 	 1.6370 
153.9479 	 160.2653 	 1.5918 
153.9514 	 165.1779 	 1.6370 
153.9549 	 179.1429 	 1.8980 
153.9583 	 199.9644 	 1.6370 
153.9618 	 202.3577 	 1.7276 
153.9653 	 230.5338 	 1.3701 
153.9688 	 235.7114 	 1.5447 
153.9722 	 232.0107 	 1.6548 
153.9757 	 242.2155 	 1.7073 
153.9792 	 323.0357 	 1.6607 
153.9826 	 437.5304 	 2.1457 
153.9861 	 458.5000 	 1.8750 
153.9896 	 468.2186 	 1.7409 
153.9931 	 484.8746 	 2.2222 
153.9965 	 473.3198 	 1.8623 
154.0000 	 409.5699 	 2.3477 
