Time-Day of Year 	 Electron flux 	 Proton flux 	 (Flux in the units of counts/sq cm.sec.sr) 
85.0035 	 61.9528 	 1.2017 
85.0069 	 69.6075 	 1.0922 
85.0104 	 72.5427 	 1.3034 
85.0139 	 72.0648 	 1.4164 
85.0174 	 73.2692 	 1.0256 
85.0208 	 67.6621 	 1.2457 
85.0243 	 73.0128 	 1.2179 
85.0278 	 64.8123 	 1.4846 
85.0313 	 63.1197 	 1.4103 
85.0347 	 67.3208 	 1.3993 
85.0382 	 73.3262 	 1.2446 
85.0417 	 79.1638 	 1.3140 
85.0451 	 79.0558 	 1.5665 
85.0486 	 87.9281 	 1.3699 
85.0521 	 79.1202 	 1.2232 
85.0556 	 94.9659 	 1.5017 
85.0590 	 93.2403 	 1.3734 
85.0625 	 94.2833 	 1.1433 
85.0660 	 99.2735 	 1.1966 
85.0694 	 90.2389 	 1.2287 
85.0729 	 91.9444 	 1.3034 
85.0764 	 92.9522 	 1.2628 
85.0799 	 96.9017 	 1.4744 
85.0833 	 115.3925 	 1.4676 
85.0868 	 126.0256 	 1.1111 
85.0903 	 145.8191 	 1.5529 
85.0938 	 178.1116 	 1.3734 
85.0972 	 196.0410 	 1.3823 
85.1007 	 205.7081 	 1.7167 
85.1042 	 221.1092 	 1.6212 
85.1076 	 214.4206 	 1.6309 
85.1111 	 222.2184 	 1.3311 
85.1146 	 203.8627 	 1.7382 
85.1181 	 226.0580 	 1.6382 
85.1215 	 202.8205 	 1.4316 
85.1250 	 222.8840 	 1.5017 
85.1285 	 231.9658 	 1.2821 
85.1319 	 262.8498 	 1.3652 
85.1354 	 282.9060 	 1.4744 
85.1389 	 296.4164 	 1.3823 
85.1424 	 319.9359 	 1.3889 
85.1458 	 356.8089 	 1.5529 
85.1493 	 374.0987 	 1.8026 
85.1528 	 373.4130 	 1.6382 
85.1563 	 388.1974 	 1.3948 
85.1597 	 381.8601 	 1.4505 
85.1632 	 387.6824 	 1.4378 
85.1667 	 407.6109 	 1.5358 
85.1701 	 408.3047 	 1.1588 
85.1736 	 401.7466 	 1.3870 
85.1771 	 405.5365 	 1.3948 
85.1806 	 409.2491 	 1.5188 
85.1840 	 409.9359 	 1.6026 
85.1875 	 426.0922 	 1.3140 
85.1910 	 405.8761 	 1.3675 
85.1944 	 437.7645 	 1.4676 
85.1979 	 433.5470 	 1.3889 
85.2014 	 441.6382 	 1.5870 
85.2049 	 444.0343 	 1.5021 
85.2083 	 470.5631 	 1.7065 
85.2118 	 478.2403 	 1.6094 
85.2153 	 503.7372 	 1.2969 
85.2188 	 517.8755 	 1.2661 
85.2222 	 505.7167 	 1.2116 
85.2257 	 518.8841 	 1.4807 
85.2292 	 578.1399 	 1.3823 
85.2326 	 594.1202 	 1.3948 
85.2361 	 640.4607 	 1.2799 
85.2396 	 712.5000 	 1.7949 
85.2431 	 712.9693 	 1.5870 
85.2465 	 688.3333 	 1.5598 
85.2500 	 716.4164 	 1.2969 
85.2535 	 732.9487 	 1.7949 
85.2569 	 758.8737 	 1.4676 
85.2604 	 792.7039 	 1.3519 
85.2639 	 809.9317 	 1.5358 
85.2674 	 802.1030 	 1.5880 
85.2708 	 796.6212 	 1.2628 
85.2743 	 825.6867 	 1.6738 
85.2778 	 867.5427 	 1.2799 
85.2813 	 877.3820 	 1.7167 
85.2847 	 793.6007 	 1.5017 
85.2882 	 789.4635 	 1.3305 
85.2917 	 781.7918 	 1.4846 
85.2951 	 796.4378 	 1.4807 
85.2986 	 741.0580 	 1.7747 
85.3021 	 729.9359 	 1.6880 
85.3056 	 753.7884 	 1.9795 
85.3090 	 755.8120 	 1.4744 
85.3125 	 777.4915 	 1.4676 
85.3160 	 732.8326 	 1.6953 
85.3194 	 816.5529 	 1.8089 
85.3229 	 861.7811 	 1.3519 
85.3264 	 836.5188 	 1.8771 
85.3299 	 859.3562 	 1.9099 
85.3333 	 940.9044 	 1.7065 
85.3368 	 884.5279 	 1.9099 
85.3403 	 918.9079 	 1.5700 
85.3438 	 911.2232 	 1.5880 
85.3472 	 975.7850 	 1.5529 
85.3507 	 1017.8632 	 1.7949 
85.3542 	 1045.2560 	 1.6553 
85.3576 	 1049.8077 	 1.7094 
85.3611 	 1071.3140 	 1.7065 
85.3646 	 1074.8291 	 1.9872 
85.3681 	 1124.4710 	 1.9113 
85.3715 	 1144.9571 	 1.7382 
85.3750 	 1121.9113 	 1.8771 
85.3785 	 1048.0901 	 1.6738 
85.3819 	 1042.2014 	 1.9283 
85.3854 	 1039.6996 	 1.5236 
85.3889 	 1119.5904 	 1.8259 
85.3924 	 1167.1030 	 1.4378 
85.3958 	 1214.2321 	 1.7747 
85.3993 	 1209.6996 	 2.3176 
85.4028 	 1219.8976 	 1.9454 
85.4063 	 1186.1966 	 1.8803 
85.4097 	 1211.3823 	 1.7918 
85.4132 	 1203.4829 	 2.0085 
85.4167 	 1191.3652 	 1.5358 
85.4201 	 1165.1288 	 1.7167 
85.4236 	 1092.8669 	 1.5529 
85.4271 	 1180.3004 	 2.0386 
85.4306 	 1155.3584 	 1.6553 
85.4340 	 1130.9013 	 1.3305 
85.4375 	 1160.0683 	 1.7235 
85.4410 	 1130.3433 	 1.4592 
85.4444 	 1093.9761 	 1.6553 
85.4479 	 1009.2704 	 1.4163 
85.4514 	 973.6860 	 1.3481 
85.4549 	 907.2532 	 1.7382 
85.4583 	 896.1775 	 1.8089 
85.4618 	 891.8376 	 1.7949 
85.4653 	 854.4369 	 1.9454 
85.4688 	 869.8504 	 1.9872 
85.4722 	 841.2116 	 1.5700 
85.4757 	 808.2479 	 1.4316 
85.4792 	 800.9727 	 1.3652 
85.4826 	 819.6996 	 1.3519 
85.4861 	 788.9590 	 1.5358 
85.4896 	 773.2618 	 1.6953 
85.4931 	 769.0614 	 1.5188 
85.4965 	 769.3562 	 1.6309 
85.5000 	 796.0580 	 1.4846 
85.5035 	 748.8197 	 1.4163 
85.5069 	 700.6314 	 1.4505 
85.5104 	 627.9399 	 1.8240 
85.5139 	 578.8908 	 1.6553 
85.5174 	 571.4316 	 1.4316 
85.5208 	 558.0887 	 1.8259 
85.5243 	 536.8590 	 1.6880 
85.5278 	 526.2799 	 1.3993 
85.5313 	 528.9103 	 1.7521 
85.5347 	 519.8123 	 1.4846 
85.5382 	 509.4635 	 0.9871 
85.5417 	 526.5188 	 1.6041 
85.5451 	 509.4181 	 1.4009 
85.5486 	 488.1507 	 1.7295 
85.5521 	 472.6180 	 1.6094 
85.5556 	 468.9590 	 1.3481 
85.5590 	 450.1502 	 1.9957 
85.5625 	 420.1877 	 1.5017 
85.5660 	 415.1073 	 1.3948 
85.5694 	 381.1263 	 1.6724 
85.5729 	 380.9402 	 1.1538 
85.5764 	 372.1672 	 1.4676 
85.5799 	 355.2992 	 1.6026 
85.5833 	 349.6587 	 1.4164 
85.5868 	 335.2137 	 1.6667 
85.5903 	 316.5358 	 1.3311 
85.5938 	 332.5966 	 1.2876 
85.5972 	 366.2969 	 0.9386 
85.6007 	 338.4549 	 1.6309 
85.6042 	 327.1160 	 1.4334 
85.6076 	 329.0558 	 1.6953 
85.6111 	 315.0683 	 1.2969 
85.6146 	 274.4421 	 1.0515 
85.6181 	 259.4539 	 1.3481 
85.6215 	 256.2232 	 1.1373 
85.6250 	 253.3959 	 1.3993 
85.6285 	 272.5855 	 1.3675 
85.6319 	 258.3788 	 1.2287 
85.6354 	 254.1453 	 1.4957 
85.6389 	 267.6109 	 1.3140 
85.6424 	 246.9872 	 1.2607 
85.6458 	 260.6997 	 1.2799 
85.6493 	 236.8240 	 1.2446 
85.6528 	 231.7235 	 1.1775 
85.6563 	 241.5880 	 1.7167 
85.6597 	 232.1331 	 1.3481 
85.6632 	 226.1373 	 1.1803 
85.6667 	 219.2321 	 1.3311 
85.6701 	 206.6953 	 1.2661 
85.6736 	 209.3151 	 1.3356 
85.6771 	 225.2361 	 1.2661 
85.6806 	 206.2116 	 1.3481 
85.6840 	 229.7436 	 1.2821 
85.6875 	 209.2833 	 1.2799 
85.6910 	 218.6325 	 1.3462 
85.6944 	 213.0717 	 1.3652 
85.6979 	 221.3248 	 1.4316 
85.7014 	 220.9556 	 1.4505 
85.7049 	 213.6910 	 1.3734 
85.7083 	 187.4232 	 1.6212 
85.7118 	 180.1717 	 1.4378 
85.7153 	 144.8806 	 1.1945 
85.7188 	 134.1846 	 1.1803 
85.7222 	 111.2116 	 1.2116 
85.7257 	 57.5322 	 0.8369 
85.7292 	 60.9215 	 0.9044 
85.7326 	 110.4721 	 1.3948 
85.7361 	 153.0034 	 1.3993 
85.7396 	 185.8974 	 1.3248 
85.7431 	 202.0649 	 1.2287 
85.7465 	 207.1154 	 0.8761 
85.7500 	 171.1775 	 1.2457 
85.7535 	 165.1496 	 1.3034 
85.7569 	 186.6894 	 1.3993 
85.7604 	 163.2403 	 1.2876 
85.7639 	 174.5222 	 1.1263 
85.7674 	 158.2403 	 1.2661 
85.7708 	 159.1126 	 1.1945 
85.7743 	 182.8541 	 1.4378 
85.7778 	 188.1741 	 1.5700 
85.7813 	 189.2489 	 1.2661 
85.7847 	 188.6689 	 1.3311 
85.7882 	 171.0730 	 1.4163 
85.7917 	 197.8669 	 1.3311 
85.7951 	 185.9615 	 1.3675 
85.7986 	 174.5377 	 1.5411 
85.8021 	 167.0086 	 1.1966 
85.8056 	 136.4505 	 1.4334 
85.8090 	 125.8547 	 1.3462 
85.8125 	 123.7031 	 1.1604 
85.8160 	 122.2961 	 1.3948 
85.8194 	 110.9044 	 1.0410 
85.8229 	 128.2618 	 1.0515 
85.8264 	 118.2594 	 1.2628 
85.8299 	 117.3605 	 1.0515 
85.8333 	 121.1433 	 1.2628 
85.8368 	 125.8584 	 1.1588 
85.8403 	 117.6451 	 1.1775 
85.8438 	 117.5107 	 1.2017 
85.8472 	 119.2833 	 1.2116 
85.8507 	 114.5727 	 1.5385 
85.8542 	 103.7543 	 1.0580 
85.8576 	 154.7436 	 1.5812 
85.8611 	 324.9147 	 1.7235 
85.8646 	 417.7992 	 1.9658 
85.8681 	 520.7850 	 1.8430 
85.8715 	 547.1030 	 1.6094 
85.8750 	 503.0717 	 1.4676 
85.8785 	 461.1588 	 1.4378 
85.8819 	 396.7406 	 1.4505 
85.8854 	 336.4592 	 1.7167 
85.8889 	 273.3447 	 1.8089 
85.8924 	 263.9914 	 1.2876 
85.8958 	 232.4403 	 1.7406 
85.8993 	 256.0515 	 1.2232 
85.9028 	 293.4300 	 1.5870 
85.9063 	 300.1068 	 1.6667 
85.9097 	 241.3311 	 1.3993 
85.9132 	 202.7992 	 1.8590 
85.9167 	 177.8840 	 1.3823 
85.9201 	 228.9530 	 1.8803 
85.9236 	 206.9863 	 1.5411 
85.9271 	 208.5897 	 1.4957 
85.9306 	 219.9658 	 1.4041 
85.9340 	 223.7821 	 1.4957 
85.9375 	 239.5034 	 1.7295 
85.9410 	 217.4573 	 1.5385 
85.9444 	 217.4486 	 1.4726 
85.9479 	 210.2137 	 1.7094 
85.9514 	 241.1301 	 1.3185 
85.9549 	 244.7222 	 1.5385 
85.9583 	 271.5753 	 1.5582 
85.9618 	 270.5957 	 1.2979 
85.9653 	 285.2740 	 1.7123 
85.9688 	 252.8511 	 1.2766 
85.9722 	 255.7534 	 1.1815 
85.9757 	 253.2340 	 1.3404 
85.9792 	 203.2877 	 1.4726 
85.9826 	 209.2340 	 1.5532 
85.9861 	 219.1924 	 1.3574 
85.9896 	 228.3617 	 1.4043 
85.9931 	 214.0550 	 1.1512 
85.9965 	 222.5745 	 1.6170 
86.0000 	 241.9828 	 1.4655 
