Time-Day of Year 	 Electron flux 	 Proton flux 	 (Flux in the units of counts/sq cm.sec.sr) 
249.0035 	 449.3007 	 38.6014 
249.0069 	 437.6042 	 39.2917 
249.0104 	 462.0455 	 38.4441 
249.0139 	 454.4792 	 35.8958 
249.0174 	 467.2203 	 33.3741 
249.0208 	 477.8958 	 35.8750 
249.0243 	 482.0280 	 34.2832 
249.0278 	 477.1042 	 33.2500 
249.0313 	 497.0455 	 34.4231 
249.0347 	 474.8755 	 29.9378 
249.0382 	 475.3322 	 24.8601 
249.0417 	 470.5394 	 23.2158 
249.0451 	 483.0245 	 25.2972 
249.0486 	 517.6971 	 26.8465 
249.0521 	 518.3392 	 27.0979 
249.0556 	 486.3900 	 26.9710 
249.0590 	 501.0000 	 28.7368 
249.0625 	 551.4315 	 31.6598 
249.0660 	 511.3333 	 32.6491 
249.0694 	 514.0664 	 30.6224 
249.0729 	 553.9474 	 29.1579 
249.0764 	 562.8008 	 28.7967 
249.0799 	 560.7017 	 28.7895 
249.0833 	 567.2199 	 25.8506 
249.0868 	 564.5965 	 24.6842 
249.0903 	 544.7934 	 22.8719 
249.0938 	 541.7017 	 21.8596 
249.0972 	 549.8554 	 20.7851 
249.1007 	 548.6972 	 17.2535 
249.1042 	 551.9136 	 17.4897 
249.1076 	 538.1514 	 16.4085 
249.1111 	 546.9547 	 16.0288 
249.1146 	 549.6643 	 15.5654 
249.1181 	 545.0000 	 15.3909 
249.1215 	 559.1343 	 12.7385 
249.1250 	 569.0535 	 13.3128 
249.1285 	 566.2898 	 12.3852 
249.1319 	 586.0700 	 11.0905 
249.1354 	 593.7986 	 11.2191 
249.1389 	 592.2840 	 10.7202 
249.1424 	 614.9823 	 10.0000 
249.1458 	 625.3074 	 10.0615 
249.1493 	 638.1449 	 8.8339 
249.1528 	 629.1393 	 8.8115 
249.1563 	 656.8905 	 8.9576 
249.1597 	 684.7541 	 8.3607 
249.1632 	 677.3498 	 8.1625 
249.1667 	 765.9016 	 8.4836 
249.1701 	 867.7482 	 7.6950 
249.1736 	 785.8812 	 9.3443 
249.1771 	 722.4113 	 9.9113 
249.1806 	 853.9139 	 6.7828 
249.1840 	 985.9220 	 7.1809 
249.1875 	 931.3115 	 7.7049 
249.1910 	 924.0426 	 6.8262 
249.1944 	 937.7664 	 6.5369 
249.1979 	 1004.2908 	 6.6135 
249.2014 	 1037.3878 	 6.5306 
249.2049 	 991.0638 	 6.4716 
249.2083 	 1015.9221 	 6.4549 
249.2118 	 969.0780 	 6.3121 
249.2153 	 985.8163 	 6.3265 
249.2188 	 787.6950 	 8.2092 
249.2222 	 751.9388 	 6.1429 
249.2257 	 850.9286 	 5.8214 
249.2292 	 794.1463 	 6.6057 
249.2326 	 736.9821 	 5.7143 
249.2361 	 752.8049 	 5.5894 
249.2396 	 769.0179 	 6.0179 
249.2431 	 769.5935 	 6.4228 
249.2465 	 790.9107 	 5.3036 
249.2500 	 835.6504 	 5.6098 
249.2535 	 779.7679 	 6.0714 
249.2569 	 686.4777 	 6.7814 
249.2604 	 780.6250 	 6.3214 
249.2639 	 777.4494 	 6.4170 
249.2674 	 727.9464 	 7.3929 
249.2708 	 722.6518 	 7.0243 
249.2743 	 718.3750 	 6.7143 
249.2778 	 732.3077 	 7.1053 
249.2813 	 787.5448 	 7.2222 
249.2847 	 702.8745 	 7.6518 
249.2882 	 661.1290 	 9.3728 
249.2917 	 678.0769 	 10.2024 
249.2951 	 708.0108 	 10.2151 
249.2986 	 699.9798 	 8.6640 
249.3021 	 663.2975 	 10.3584 
249.3056 	 698.0364 	 12.1053 
249.3090 	 689.6595 	 11.7563 
249.3125 	 723.1653 	 11.1694 
249.3160 	 739.4982 	 11.6487 
249.3194 	 652.6411 	 12.5000 
249.3229 	 646.2366 	 12.3118 
249.3264 	 653.8710 	 12.4395 
249.3299 	 624.0323 	 12.4731 
249.3333 	 655.2823 	 12.8831 
249.3368 	 749.6583 	 11.2590 
249.3403 	 834.2540 	 9.4153 
249.3438 	 856.7626 	 10.3597 
249.3472 	 807.7218 	 12.9032 
249.3507 	 782.5000 	 10.6115 
249.3542 	 776.1694 	 9.8589 
249.3576 	 712.3466 	 9.8556 
249.3611 	 672.9920 	 11.4458 
249.3646 	 757.0217 	 12.9964 
249.3681 	 653.3800 	 13.8600 
249.3715 	 635.4152 	 15.0361 
249.3750 	 638.1600 	 15.8600 
249.3785 	 620.9928 	 15.9025 
249.3819 	 597.7000 	 14.0400 
249.3854 	 625.1805 	 14.2419 
249.3889 	 602.7400 	 13.3800 
249.3924 	 633.1468 	 11.8182 
249.3958 	 616.2903 	 12.6613 
249.3993 	 568.0435 	 12.3732 
249.4028 	 584.4800 	 11.5400 
249.4063 	 579.8370 	 12.6812 
249.4097 	 606.1000 	 12.8000 
249.4132 	 621.6123 	 13.9493 
249.4167 	 616.0200 	 15.5000 
249.4201 	 575.5616 	 17.8986 
249.4236 	 598.2271 	 17.7689 
249.4271 	 581.0326 	 15.9420 
249.4306 	 552.7291 	 15.7570 
249.4340 	 546.6304 	 15.0906 
249.4375 	 558.1076 	 13.8048 
249.4410 	 520.5616 	 15.3804 
249.4444 	 524.5817 	 15.6574 
249.4479 	 495.3636 	 16.6545 
249.4514 	 476.7729 	 17.4701 
249.4549 	 432.5455 	 17.1636 
249.4583 	 395.2789 	 18.1873 
249.4618 	 390.4727 	 21.8545 
249.4653 	 388.2470 	 22.4104 
249.4688 	 377.4000 	 23.2364 
249.4722 	 360.1594 	 22.0717 
249.4757 	 317.5091 	 23.4727 
249.4792 	 304.5833 	 24.3254 
249.4826 	 285.8759 	 24.1058 
249.4861 	 284.7826 	 26.1067 
249.4896 	 287.8832 	 26.0949 
249.4931 	 294.1107 	 26.5810 
249.4965 	 287.1533 	 28.5219 
249.5000 	 306.9763 	 27.1344 
249.5035 	 328.3333 	 24.8535 
249.5069 	 318.8735 	 27.8261 
249.5104 	 289.7985 	 29.5604 
249.5139 	 258.8537 	 30.5336 
249.5174 	 250.2747 	 31.5201 
249.5208 	 252.4308 	 29.2095 
249.5243 	 252.7106 	 30.2930 
249.5278 	 218.3202 	 27.7866 
249.5313 	 229.4322 	 27.3443 
249.5347 	 228.2677 	 27.5787 
249.5382 	 245.9890 	 30.5128 
249.5417 	 258.5433 	 34.1535 
249.5451 	 255.5678 	 36.1538 
249.5486 	 255.7874 	 41.8898 
249.5521 	 280.4029 	 35.5495 
249.5556 	 248.6811 	 35.0197 
249.5590 	 236.6177 	 36.6176 
249.5625 	 238.7205 	 34.6260 
249.5660 	 222.7574 	 39.0993 
249.5694 	 233.6024 	 36.9094 
249.5729 	 237.8125 	 34.9816 
249.5764 	 251.1614 	 32.5394 
249.5799 	 253.3824 	 36.7831 
249.5833 	 261.0433 	 33.1496 
249.5868 	 275.3860 	 34.2647 
249.5903 	 274.8628 	 34.8039 
249.5938 	 264.3382 	 36.2500 
249.5972 	 227.5882 	 39.2353 
249.6007 	 233.2537 	 37.2059 
249.6042 	 222.9412 	 38.3922 
249.6076 	 228.3579 	 42.0295 
249.6111 	 221.0547 	 46.6797 
249.6146 	 215.6667 	 49.2407 
249.6181 	 230.3516 	 48.7891 
249.6215 	 202.7778 	 50.3889 
249.6250 	 214.8047 	 49.3164 
249.6285 	 238.3333 	 53.5185 
249.6319 	 198.1641 	 56.4453 
249.6354 	 235.0741 	 51.5185 
249.6389 	 267.7148 	 55.5859 
249.6424 	 275.7407 	 51.7037 
249.6458 	 303.1712 	 48.8521 
249.6493 	 290.5185 	 48.0000 
249.6528 	 258.6965 	 49.5136 
249.6563 	 290.7963 	 46.0370 
249.6597 	 264.6693 	 45.8755 
249.6632 	 270.3889 	 46.7778 
249.6667 	 269.3191 	 50.1751 
249.6701 	 254.7955 	 48.7361 
249.6736 	 270.2529 	 43.2101 
249.6771 	 292.1933 	 43.3271 
249.6806 	 283.4630 	 44.0661 
249.6840 	 275.9108 	 49.8327 
249.6875 	 252.6070 	 46.6732 
249.6910 	 238.6245 	 46.2454 
249.6944 	 239.5136 	 43.9300 
249.6979 	 259.5911 	 37.4349 
249.7014 	 273.6240 	 33.4884 
249.7049 	 222.5836 	 34.2007 
249.7083 	 235.6589 	 34.8062 
249.7118 	 251.5985 	 35.2416 
249.7153 	 244.0116 	 33.6240 
249.7188 	 243.2156 	 31.9331 
249.7222 	 238.2171 	 31.4341 
249.7257 	 261.3992 	 31.3806 
249.7292 	 279.4767 	 31.2209 
249.7326 	 274.3633 	 35.5805 
249.7361 	 275.8301 	 34.0541 
249.7396 	 296.4420 	 33.3146 
249.7431 	 296.9305 	 32.0656 
249.7465 	 291.9663 	 29.0824 
249.7500 	 298.6680 	 27.3938 
249.7535 	 293.2397 	 25.6742 
249.7569 	 305.9808 	 25.4231 
249.7604 	 284.7566 	 26.9663 
249.7639 	 284.3654 	 26.1346 
249.7674 	 294.4757 	 26.9288 
249.7708 	 297.0769 	 29.1154 
249.7743 	 326.0112 	 28.2584 
249.7778 	 319.3846 	 29.9423 
249.7813 	 302.0489 	 33.0451 
249.7847 	 300.6731 	 33.3462 
249.7882 	 306.7293 	 32.2556 
249.7917 	 309.6154 	 32.3269 
249.7951 	 304.2293 	 33.1391 
249.7986 	 305.7500 	 35.6923 
249.8021 	 305.2256 	 35.9586 
249.8056 	 313.2500 	 35.5769 
249.8090 	 312.1805 	 32.5188 
249.8125 	 326.8008 	 29.7701 
249.8160 	 323.5338 	 30.3195 
249.8194 	 312.7203 	 32.0498 
249.8229 	 315.2444 	 28.0827 
249.8264 	 323.2950 	 26.9540 
249.8299 	 320.0188 	 27.1053 
249.8333 	 321.7816 	 26.2452 
249.8368 	 329.5472 	 28.7547 
249.8403 	 313.2567 	 29.3487 
249.8438 	 304.4717 	 28.4151 
249.8472 	 303.4483 	 29.0230 
249.8507 	 331.3962 	 26.0566 
249.8542 	 329.9425 	 27.2989 
249.8576 	 330.8902 	 25.8144 
249.8611 	 323.5551 	 25.4373 
249.8646 	 306.6288 	 25.2083 
249.8681 	 309.0494 	 25.6844 
249.8715 	 326.8371 	 24.8106 
249.8750 	 320.5513 	 24.7909 
249.8785 	 330.0568 	 25.0189 
249.8819 	 333.3460 	 25.0951 
249.8854 	 351.7614 	 27.3674 
249.8889 	 323.4030 	 30.0380 
249.8924 	 336.7871 	 30.2091 
249.8958 	 343.9924 	 28.5551 
249.8993 	 345.5703 	 28.3840 
249.9028 	 347.7566 	 27.9278 
249.9063 	 360.0761 	 27.6046 
249.9097 	 346.5779 	 30.6464 
249.9132 	 349.4867 	 32.4715 
249.9167 	 374.2614 	 31.0795 
249.9201 	 381.7871 	 31.5970 
249.9236 	 402.3295 	 31.3447 
249.9271 	 378.9734 	 31.3688 
249.9306 	 393.3902 	 31.3636 
249.9340 	 416.7681 	 33.3460 
249.9375 	 411.5530 	 34.4318 
249.9410 	 403.8213 	 39.4487 
249.9444 	 416.4962 	 40.7765 
249.9479 	 399.8473 	 44.9237 
249.9514 	 451.0606 	 44.7917 
249.9549 	 418.1107 	 48.6832 
249.9583 	 401.6477 	 51.1932 
249.9618 	 432.0420 	 51.6794 
249.9653 	 436.8371 	 52.9924 
249.9688 	 451.1832 	 49.9046 
249.9722 	 441.1509 	 45.5094 
249.9757 	 437.8435 	 48.2061 
249.9792 	 432.7547 	 49.0189 
249.9826 	 484.1379 	 50.7663 
249.9861 	 495.8459 	 67.4248 
249.9896 	 517.3755 	 105.6130 
249.9931 	 510.1880 	 356.8421 
249.9965 	 395.0958 	 250.8812 
250.0000 	 340.9586 	 211.1654 
