Time-Day of Year 	 Electron flux 	 Proton flux 	 (Flux in the units of counts/sq cm.sec.sr) 
274.0035 	 559.4585 	 1.4440 
274.0069 	 558.4400 	 1.1400 
274.0104 	 565.1625 	 1.4621 
274.0139 	 652.9200 	 1.4800 
274.0174 	 684.1155 	 1.4982 
274.0208 	 733.3600 	 1.2800 
274.0243 	 547.5451 	 1.3718 
274.0278 	 652.6506 	 1.6265 
274.0313 	 579.9639 	 1.6606 
274.0347 	 613.6145 	 1.4257 
274.0382 	 591.4982 	 1.3177 
274.0417 	 636.7671 	 1.2450 
274.0451 	 655.7942 	 1.3899 
274.0486 	 738.4136 	 1.3655 
274.0521 	 757.8700 	 1.2816 
274.0556 	 740.0602 	 1.5060 
274.0590 	 742.6978 	 1.1871 
274.0625 	 728.1124 	 1.3454 
274.0660 	 774.6223 	 1.5468 
274.0694 	 843.7952 	 0.9839 
274.0729 	 833.0755 	 1.3129 
274.0764 	 844.2169 	 1.7470 
274.0799 	 863.8669 	 1.6727 
274.0833 	 928.2661 	 1.9960 
274.0868 	 883.4353 	 1.7806 
274.0903 	 874.3750 	 1.1895 
274.0938 	 856.6367 	 1.3489 
274.0972 	 830.4435 	 1.6129 
274.1007 	 850.8993 	 1.1331 
274.1042 	 848.5020 	 1.4777 
274.1076 	 840.1792 	 1.3620 
274.1111 	 876.8219 	 1.5385 
274.1146 	 856.0714 	 1.5357 
274.1181 	 805.0000 	 1.5385 
274.1215 	 864.4107 	 1.8571 
274.1250 	 917.8542 	 1.5385 
274.1285 	 713.5000 	 1.3036 
274.1319 	 776.6397 	 1.8623 
274.1354 	 836.6250 	 1.4821 
274.1389 	 775.8130 	 1.2805 
274.1424 	 754.5357 	 1.2143 
274.1458 	 804.5529 	 1.4634 
274.1493 	 811.5357 	 1.2500 
274.1528 	 822.6829 	 1.6260 
274.1563 	 834.8750 	 1.5000 
274.1597 	 792.9268 	 1.8293 
274.1632 	 757.5979 	 1.6548 
274.1667 	 831.9919 	 1.5447 
274.1701 	 829.9110 	 1.4057 
274.1736 	 874.3089 	 1.4837 
274.1771 	 883.5053 	 1.4591 
274.1806 	 868.2520 	 1.5244 
274.1840 	 883.6655 	 1.3345 
274.1875 	 866.0976 	 1.3008 
274.1910 	 891.1032 	 1.6904 
274.1944 	 937.2449 	 1.6327 
274.1979 	 931.3167 	 1.5836 
274.2014 	 872.6735 	 1.0816 
274.2049 	 931.1566 	 1.4947 
274.2083 	 914.5714 	 1.5510 
274.2118 	 911.2633 	 1.7616 
274.2153 	 925.6122 	 1.7959 
274.2188 	 908.4574 	 1.5426 
274.2222 	 925.9796 	 1.7143 
274.2257 	 918.8475 	 1.5957 
274.2292 	 933.1147 	 1.4344 
274.2326 	 929.9823 	 1.4841 
274.2361 	 906.6322 	 1.4050 
274.2396 	 900.0707 	 1.4134 
274.2431 	 866.4549 	 1.5369 
274.2465 	 906.2368 	 1.2367 
274.2500 	 938.5802 	 1.0494 
274.2535 	 978.8339 	 1.3604 
274.2569 	 949.3827 	 1.7284 
274.2604 	 994.5583 	 1.5371 
274.2639 	 1059.5062 	 1.5226 
274.2674 	 1095.0177 	 1.6431 
274.2708 	 1180.4321 	 1.7695 
274.2743 	 1248.4507 	 1.9366 
274.2778 	 1331.3786 	 1.6461 
274.2813 	 1464.6127 	 1.6725 
274.2847 	 1595.9671 	 2.0370 
274.2882 	 1530.7570 	 1.7254 
274.2917 	 1488.8889 	 1.6872 
274.2951 	 1585.2465 	 1.2676 
274.2986 	 1682.4280 	 1.7901 
274.3021 	 1731.4261 	 1.8134 
274.3056 	 1794.9587 	 1.9628 
274.3090 	 1831.3556 	 1.9718 
274.3125 	 1686.9215 	 1.5289 
274.3160 	 1699.3838 	 1.4261 
274.3194 	 1670.4752 	 1.8182 
274.3229 	 1594.3662 	 1.5669 
274.3264 	 1402.1074 	 1.6736 
274.3299 	 1375.4386 	 1.5789 
274.3333 	 1335.3926 	 1.5289 
274.3368 	 1292.5614 	 1.7368 
274.3403 	 1309.8347 	 1.4669 
274.3438 	 1276.8772 	 1.4035 
274.3472 	 1330.7851 	 1.6942 
274.3507 	 1336.7368 	 1.8596 
274.3542 	 1277.1458 	 1.4167 
274.3576 	 1179.5804 	 1.8007 
274.3611 	 1176.2708 	 1.7083 
274.3646 	 1099.6853 	 1.7483 
274.3681 	 1078.5208 	 1.4792 
274.3715 	 1004.8601 	 1.5734 
274.3750 	 899.3958 	 1.5000 
274.3785 	 881.1888 	 1.4161 
274.3819 	 876.4375 	 1.2500 
274.3854 	 751.2544 	 1.0801 
274.3889 	 697.7500 	 1.6250 
274.3924 	 697.2300 	 1.2544 
274.3958 	 636.6667 	 1.3958 
274.3993 	 652.2125 	 1.3240 
274.4028 	 653.0417 	 1.3750 
274.4063 	 653.5888 	 1.3240 
274.4097 	 657.7197 	 1.2134 
274.4132 	 680.1916 	 1.3240 
274.4167 	 629.5398 	 1.5690 
274.4201 	 653.4146 	 1.3066 
274.4236 	 665.9414 	 1.2552 
274.4271 	 651.6899 	 1.2718 
274.4306 	 621.4644 	 1.2762 
274.4340 	 605.4530 	 1.3589 
274.4375 	 572.6360 	 1.4435 
274.4410 	 583.0208 	 1.2326 
274.4444 	 555.1883 	 1.5063 
274.4479 	 563.0729 	 1.7361 
274.4514 	 488.8494 	 1.2134 
274.4549 	 407.7604 	 1.3194 
274.4583 	 314.2050 	 1.1715 
274.4618 	 318.4549 	 1.1285 
274.4653 	 424.9370 	 1.4076 
274.4688 	 459.2708 	 1.4931 
274.4722 	 514.8109 	 1.2395 
274.4757 	 575.8681 	 1.4931 
274.4792 	 640.1681 	 1.4076 
274.4826 	 623.0903 	 1.4410 
274.4861 	 612.1941 	 1.8354 
274.4896 	 561.8858 	 1.0900 
274.4931 	 533.9452 	 1.4557 
274.4965 	 486.2414 	 1.3448 
274.5000 	 434.6413 	 1.4979 
274.5035 	 452.9483 	 1.4828 
274.5069 	 430.7806 	 1.2447 
274.5104 	 416.6552 	 1.3621 
274.5139 	 382.4051 	 1.3080 
274.5174 	 383.0517 	 1.4483 
274.5208 	 340.0636 	 1.5678 
274.5243 	 366.1035 	 1.6034 
274.5278 	 359.4703 	 1.0169 
274.5313 	 354.7931 	 1.5000 
274.5347 	 337.0127 	 1.4195 
274.5382 	 337.0172 	 1.4483 
274.5417 	 326.9280 	 1.2500 
274.5451 	 328.3965 	 1.3966 
274.5486 	 326.8009 	 0.9958 
274.5521 	 322.6632 	 1.1340 
274.5556 	 313.7076 	 1.3559 
274.5590 	 311.7698 	 1.4948 
274.5625 	 304.3432 	 1.4831 
274.5660 	 271.9072 	 1.1856 
274.5694 	 260.4873 	 1.3136 
274.5729 	 271.3230 	 1.4777 
274.5764 	 260.9787 	 0.9787 
274.5799 	 248.6598 	 1.0825 
274.5833 	 230.2766 	 1.4043 
274.5868 	 224.7594 	 1.2887 
274.5903 	 209.4681 	 0.8936 
274.5938 	 201.9244 	 1.2027 
274.5972 	 179.4468 	 1.6383 
274.6007 	 170.2749 	 1.0997 
274.6042 	 145.5745 	 1.0000 
274.6076 	 110.2055 	 1.1473 
274.6111 	 114.6154 	 1.0043 
274.6146 	 115.1536 	 0.9727 
274.6181 	 118.5470 	 1.0256 
274.6215 	 119.3686 	 1.0751 
274.6250 	 147.5641 	 1.0470 
274.6285 	 149.5051 	 1.1433 
274.6319 	 189.4206 	 1.1159 
274.6354 	 198.5836 	 1.0410 
274.6389 	 205.1288 	 1.5665 
274.6424 	 248.8055 	 1.2969 
274.6458 	 257.5751 	 1.3305 
274.6493 	 270.9556 	 1.2287 
274.6528 	 243.2403 	 1.2876 
274.6563 	 202.4232 	 1.3140 
274.6597 	 193.9056 	 1.1373 
274.6632 	 161.0751 	 1.1433 
274.6667 	 161.5385 	 1.0684 
274.6701 	 133.6689 	 1.2969 
274.6736 	 145.5128 	 1.3034 
274.6771 	 132.7474 	 1.1263 
274.6806 	 136.6453 	 1.1111 
274.6840 	 142.5939 	 1.1433 
274.6875 	 122.3820 	 1.3305 
274.6910 	 111.7747 	 1.2287 
274.6944 	 113.0901 	 0.8155 
274.6979 	 102.7304 	 1.1263 
274.7014 	 154.8712 	 0.7940 
274.7049 	 170.3242 	 1.1092 
274.7083 	 639.6137 	 2.3605 
274.7118 	 663.9420 	 2.2696 
274.7153 	 728.4335 	 2.0601 
274.7188 	 1059.3857 	 2.0478 
274.7222 	 704.7008 	 1.9017 
274.7257 	 840.6314 	 1.8089 
274.7292 	 737.4145 	 2.0299 
274.7326 	 765.9898 	 1.6894 
274.7361 	 579.0987 	 1.5236 
274.7396 	 512.0819 	 1.8089 
274.7431 	 584.4206 	 1.9528 
274.7465 	 510.2218 	 2.0819 
274.7500 	 467.2318 	 1.6094 
274.7535 	 493.2765 	 1.7918 
274.7569 	 478.5193 	 1.9099 
274.7604 	 437.1843 	 1.5529 
274.7639 	 421.7167 	 1.9957 
274.7674 	 403.7884 	 1.6212 
274.7708 	 433.1974 	 1.6738 
274.7743 	 431.4846 	 1.7747 
274.7778 	 428.3761 	 1.6453 
274.7813 	 444.5051 	 1.6553 
274.7847 	 492.1581 	 1.9872 
274.7882 	 477.7133 	 2.0478 
274.7917 	 461.0256 	 1.7521 
274.7951 	 435.2730 	 2.0819 
274.7986 	 455.0000 	 1.9099 
274.8021 	 451.1433 	 2.2526 
274.8056 	 449.4635 	 1.8240 
274.8090 	 446.9625 	 1.9283 
274.8125 	 440.5150 	 1.8884 
274.8160 	 438.7884 	 1.8601 
274.8194 	 401.0944 	 1.9528 
274.8229 	 409.6758 	 1.8942 
274.8264 	 422.0815 	 1.8884 
274.8299 	 416.9625 	 1.7747 
274.8333 	 416.4530 	 1.6667 
274.8368 	 405.2048 	 1.8259 
274.8403 	 377.8205 	 2.0299 
274.8438 	 366.6553 	 1.8089 
274.8472 	 382.4573 	 1.7094 
274.8507 	 402.6621 	 1.7577 
274.8542 	 396.1373 	 1.6953 
274.8576 	 391.1433 	 2.4573 
274.8611 	 392.8017 	 1.8534 
274.8646 	 413.5836 	 2.0478 
274.8681 	 410.3433 	 2.1245 
274.8715 	 376.1945 	 1.7065 
274.8750 	 378.0472 	 2.0601 
274.8785 	 370.2048 	 1.7918 
274.8819 	 355.9829 	 1.5385 
274.8854 	 355.5290 	 1.3993 
274.8889 	 355.8547 	 1.6880 
274.8924 	 354.8976 	 1.9966 
274.8958 	 370.0214 	 1.6667 
274.8993 	 394.6416 	 1.7577 
274.9028 	 375.8547 	 1.6667 
274.9063 	 355.9044 	 1.4846 
274.9097 	 365.3433 	 1.8455 
274.9132 	 378.1570 	 1.4505 
274.9167 	 378.8841 	 1.6738 
274.9201 	 407.0648 	 1.5358 
274.9236 	 411.0086 	 1.5021 
274.9271 	 429.6928 	 1.5017 
274.9306 	 433.7983 	 1.5236 
274.9340 	 415.1194 	 1.6553 
274.9375 	 475.4273 	 2.3291 
274.9410 	 565.8021 	 2.1502 
274.9444 	 584.1453 	 1.8590 
274.9479 	 546.6553 	 2.3038 
274.9514 	 508.6966 	 1.7521 
274.9549 	 517.5939 	 1.9795 
274.9583 	 541.5385 	 1.6453 
274.9618 	 580.3413 	 1.9113 
274.9653 	 631.4592 	 1.9957 
274.9688 	 686.4676 	 1.5870 
274.9722 	 714.2060 	 1.8240 
274.9757 	 739.6416 	 1.8942 
274.9792 	 765.2360 	 2.0601 
274.9826 	 774.0444 	 2.2014 
274.9861 	 808.1760 	 1.6524 
274.9896 	 819.7945 	 1.9863 
274.9931 	 838.9957 	 1.8590 
274.9965 	 843.8225 	 2.1502 
275.0000 	 828.6539 	 2.0726 
