Time-Day of Year 	 Electron flux 	 Proton flux 	 (Flux in the units of counts/sq cm.sec.sr) 
239.0035 	 427.6374 	 1.3736 
239.0069 	 451.2055 	 1.5020 
239.0104 	 457.3905 	 1.3504 
239.0139 	 456.8379 	 1.4427 
239.0174 	 462.0620 	 1.6788 
239.0208 	 449.8419 	 1.3439 
239.0243 	 477.8832 	 1.8613 
239.0278 	 476.7194 	 1.7984 
239.0313 	 483.1569 	 1.5876 
239.0347 	 478.9484 	 1.6270 
239.0382 	 488.4672 	 1.4599 
239.0417 	 498.4127 	 1.6667 
239.0451 	 505.4380 	 1.4964 
239.0486 	 513.2738 	 1.6270 
239.0521 	 515.7482 	 1.4781 
239.0556 	 530.3968 	 1.6667 
239.0590 	 555.1460 	 1.5876 
239.0625 	 548.6111 	 1.1111 
239.0660 	 549.4546 	 1.3091 
239.0694 	 546.3492 	 1.3690 
239.0729 	 566.3273 	 1.8545 
239.0764 	 594.9801 	 1.7530 
239.0799 	 597.9167 	 1.8297 
239.0833 	 619.7012 	 1.3944 
239.0868 	 615.4891 	 1.5580 
239.0903 	 584.4600 	 1.6600 
239.0938 	 590.5254 	 1.5217 
239.0972 	 645.0200 	 1.8200 
239.1007 	 644.5471 	 1.7210 
239.1042 	 679.9200 	 1.5000 
239.1076 	 656.6123 	 1.5036 
239.1111 	 654.1800 	 1.6800 
239.1146 	 676.1957 	 1.3949 
239.1181 	 669.8000 	 1.6200 
239.1215 	 686.1372 	 1.5884 
239.1250 	 715.8200 	 1.6000 
239.1285 	 664.0253 	 1.5343 
239.1319 	 669.9200 	 1.4600 
239.1354 	 650.7040 	 1.3899 
239.1389 	 669.2200 	 1.5200 
239.1424 	 670.3971 	 1.1913 
239.1458 	 683.0924 	 1.4257 
239.1493 	 685.1083 	 1.5884 
239.1528 	 682.2088 	 1.2851 
239.1563 	 679.5668 	 1.6787 
239.1597 	 678.5341 	 1.7470 
239.1632 	 677.1300 	 1.4801 
239.1667 	 655.0201 	 1.5663 
239.1701 	 662.8520 	 1.5343 
239.1736 	 638.4136 	 1.4458 
239.1771 	 651.3309 	 1.6007 
239.1806 	 645.4016 	 1.3253 
239.1840 	 662.6259 	 1.3309 
239.1875 	 704.8394 	 1.4659 
239.1910 	 709.1547 	 1.5288 
239.1944 	 712.0281 	 1.9478 
239.1979 	 719.1727 	 1.5647 
239.2014 	 745.6250 	 1.3105 
239.2049 	 713.6511 	 1.3309 
239.2083 	 722.3077 	 1.4372 
239.2118 	 738.3513 	 1.4337 
239.2153 	 751.5992 	 1.8219 
239.2188 	 727.4373 	 1.3082 
239.2222 	 759.0891 	 1.3158 
239.2257 	 767.5090 	 1.5950 
239.2292 	 772.3887 	 1.1336 
239.2326 	 788.3214 	 1.8393 
239.2361 	 816.8623 	 1.6599 
239.2396 	 906.0714 	 1.5536 
239.2431 	 941.4372 	 1.4372 
239.2465 	 966.8036 	 1.5893 
239.2500 	 925.3846 	 1.6802 
239.2535 	 901.8393 	 1.8393 
239.2569 	 915.5691 	 1.9106 
239.2604 	 922.3393 	 1.9107 
239.2639 	 878.6179 	 1.5041 
239.2674 	 891.6964 	 1.4643 
239.2708 	 901.2398 	 1.6463 
239.2743 	 882.9286 	 1.6071 
239.2778 	 855.4268 	 1.5244 
239.2813 	 851.0142 	 1.7438 
239.2847 	 833.3740 	 1.7683 
239.2882 	 772.7580 	 1.4591 
239.2917 	 766.6667 	 1.6260 
239.2951 	 737.9004 	 1.4769 
239.2986 	 752.6626 	 1.4837 
239.3021 	 781.9929 	 1.6192 
239.3056 	 805.1016 	 1.8293 
239.3090 	 789.5196 	 1.4947 
239.3125 	 751.9184 	 1.4082 
239.3160 	 759.4484 	 1.8149 
239.3194 	 737.5306 	 1.5102 
239.3229 	 725.8719 	 1.2811 
239.3264 	 767.7143 	 1.4490 
239.3299 	 766.7794 	 1.6192 
239.3333 	 752.4180 	 1.6598 
239.3368 	 777.2085 	 1.4664 
239.3403 	 787.7869 	 1.4549 
239.3438 	 758.0212 	 1.3781 
239.3472 	 793.6271 	 1.6393 
239.3507 	 778.0742 	 1.9081 
239.3542 	 764.5287 	 1.8238 
239.3576 	 766.6078 	 1.3958 
239.3611 	 759.8156 	 1.7008 
239.3646 	 767.3498 	 1.4841 
239.3681 	 773.9712 	 1.7078 
239.3715 	 784.1166 	 1.5548 
239.3750 	 756.2757 	 1.6872 
239.3785 	 721.4488 	 1.5371 
239.3819 	 672.9630 	 1.4609 
239.3854 	 730.0530 	 1.5194 
239.3889 	 726.8313 	 1.8724 
239.3924 	 730.9507 	 1.4085 
239.3958 	 691.0082 	 1.8313 
239.3993 	 695.0528 	 1.7430 
239.4028 	 689.4033 	 1.7901 
239.4063 	 680.9155 	 1.4613 
239.4097 	 652.9835 	 1.6667 
239.4132 	 653.6268 	 1.5845 
239.4167 	 646.5021 	 1.0494 
239.4201 	 663.9085 	 1.4437 
239.4236 	 650.0207 	 1.6529 
239.4271 	 592.5704 	 1.2324 
239.4306 	 591.1570 	 1.5702 
239.4340 	 627.4648 	 1.4965 
239.4375 	 566.9835 	 1.4463 
239.4410 	 569.3134 	 1.2676 
239.4444 	 585.1653 	 1.4050 
239.4479 	 531.8947 	 1.5088 
239.4514 	 527.3140 	 1.2810 
239.4549 	 532.6491 	 1.4561 
239.4583 	 432.6033 	 1.0331 
239.4618 	 435.8421 	 1.4035 
239.4653 	 424.1286 	 1.2241 
239.4688 	 429.8776 	 1.1189 
239.4722 	 475.7676 	 1.1618 
239.4757 	 483.6888 	 1.0315 
239.4792 	 495.8958 	 1.5000 
239.4826 	 507.2028 	 1.3636 
239.4861 	 432.7708 	 1.1875 
239.4896 	 386.6608 	 1.3287 
239.4931 	 374.7083 	 1.1042 
239.4965 	 361.2937 	 1.0664 
239.5000 	 343.2917 	 1.0833 
239.5035 	 333.7282 	 0.9582 
239.5069 	 342.2292 	 1.1042 
239.5104 	 364.5645 	 1.0976 
239.5139 	 341.6042 	 1.2708 
239.5174 	 328.1185 	 1.3589 
239.5208 	 310.7292 	 1.0833 
239.5243 	 325.9930 	 1.1324 
239.5278 	 329.1667 	 1.0208 
239.5313 	 327.9443 	 0.8537 
239.5347 	 327.8034 	 1.1506 
239.5382 	 313.3275 	 1.3066 
239.5417 	 316.9038 	 0.9414 
239.5451 	 316.2195 	 1.0453 
239.5486 	 308.0125 	 0.7531 
239.5521 	 284.6864 	 0.7317 
239.5556 	 287.9707 	 1.1715 
239.5590 	 278.7847 	 1.1458 
239.5625 	 265.8577 	 1.1925 
239.5660 	 269.7222 	 1.0069 
239.5694 	 273.4100 	 1.2762 
239.5729 	 284.3403 	 1.1458 
239.5764 	 269.0377 	 1.0669 
239.5799 	 256.8056 	 1.0590 
239.5833 	 241.9665 	 1.2762 
239.5868 	 244.4792 	 1.3021 
239.5903 	 208.1646 	 1.1814 
239.5938 	 213.7370 	 1.1765 
239.5972 	 194.3038 	 1.3080 
239.6007 	 201.4533 	 1.0727 
239.6042 	 198.9662 	 1.2025 
239.6076 	 199.1695 	 0.9689 
239.6111 	 182.8059 	 0.9283 
239.6146 	 187.3793 	 1.1034 
239.6181 	 169.0506 	 1.0127 
239.6215 	 162.1897 	 1.0862 
239.6250 	 142.4051 	 1.1181 
239.6285 	 142.0345 	 1.0345 
239.6319 	 133.2278 	 0.9705 
239.6354 	 130.0345 	 0.8966 
239.6389 	 111.2288 	 1.1017 
239.6424 	 91.5862 	 0.8276 
239.6458 	 76.7585 	 0.8475 
239.6493 	 81.9655 	 0.8103 
239.6528 	 64.6610 	 0.7415 
239.6563 	 64.8448 	 0.9138 
239.6597 	 51.2288 	 0.8898 
239.6632 	 41.9828 	 0.6034 
239.6667 	 39.5127 	 0.9534 
239.6701 	 38.0241 	 0.9107 
239.6736 	 51.0381 	 0.9322 
239.6771 	 53.9003 	 0.7216 
239.6806 	 76.5678 	 1.0169 
239.6840 	 65.2405 	 1.0309 
239.6875 	 77.1822 	 0.8686 
239.6910 	 104.6048 	 0.8763 
239.6944 	 97.1702 	 1.0851 
239.6979 	 91.5464 	 1.2027 
239.7014 	 86.8085 	 0.9362 
239.7049 	 77.2680 	 0.7045 
239.7083 	 63.9574 	 0.7234 
239.7118 	 70.0859 	 0.9450 
239.7153 	 67.4468 	 0.9149 
239.7188 	 68.5395 	 0.9107 
239.7222 	 59.5513 	 0.6624 
239.7257 	 59.0614 	 0.7679 
239.7292 	 52.2222 	 0.8547 
239.7326 	 58.7372 	 0.9386 
239.7361 	 57.0940 	 0.8974 
239.7396 	 53.6348 	 0.8874 
239.7431 	 54.6795 	 1.0043 
239.7465 	 51.6553 	 0.8020 
239.7500 	 53.4979 	 0.6867 
239.7535 	 55.7338 	 0.7338 
239.7569 	 58.2618 	 0.8155 
239.7604 	 53.4300 	 0.8362 
239.7639 	 55.6009 	 0.7082 
239.7674 	 52.7133 	 0.7509 
239.7708 	 34.7210 	 0.7725 
239.7743 	 16.5358 	 0.8703 
239.7778 	 17.4464 	 0.7082 
239.7813 	 11.3311 	 0.6314 
239.7847 	 9.5726 	 1.0043 
239.7882 	 5.2901 	 0.8020 
239.7917 	 6.2393 	 0.7265 
239.7951 	 18.2253 	 0.6485 
239.7986 	 14.5726 	 0.6838 
239.8021 	 16.6382 	 0.8191 
239.8056 	 10.3219 	 0.6223 
239.8090 	 18.0887 	 0.7679 
239.8125 	 16.3305 	 0.7940 
239.8160 	 15.8191 	 0.6826 
239.8194 	 12.8112 	 0.7296 
239.8229 	 11.2457 	 0.7509 
239.8264 	 10.2146 	 0.6223 
239.8299 	 12.2696 	 0.5973 
239.8333 	 20.5365 	 0.7511 
239.8368 	 40.1024 	 0.7509 
239.8403 	 76.4530 	 0.8547 
239.8438 	 80.6164 	 0.9932 
239.8472 	 153.7821 	 0.9402 
239.8507 	 189.1297 	 1.1433 
239.8542 	 166.0043 	 1.0256 
239.8576 	 215.1877 	 0.9044 
239.8611 	 169.0987 	 1.0944 
239.8646 	 117.5597 	 1.1604 
239.8681 	 85.4721 	 1.1803 
239.8715 	 80.9386 	 1.2287 
239.8750 	 58.3691 	 1.0944 
239.8785 	 51.0921 	 1.2287 
239.8819 	 54.0987 	 0.7940 
239.8854 	 38.8396 	 0.9215 
239.8889 	 25.5150 	 0.7511 
239.8924 	 30.6826 	 1.0068 
239.8958 	 30.4915 	 1.0043 
239.8993 	 33.5495 	 0.7850 
239.9028 	 38.8248 	 0.7692 
239.9063 	 36.6382 	 0.9727 
239.9097 	 38.0556 	 0.8120 
239.9132 	 39.9488 	 1.0239 
239.9167 	 42.7039 	 0.9227 
239.9201 	 36.2287 	 1.0751 
239.9236 	 26.9528 	 1.0730 
239.9271 	 25.3413 	 0.8703 
239.9306 	 27.2532 	 0.9013 
239.9340 	 27.0819 	 1.0410 
239.9375 	 28.4335 	 1.2232 
239.9410 	 37.7816 	 1.0410 
239.9444 	 35.0644 	 0.9013 
239.9479 	 26.5700 	 1.0580 
239.9514 	 23.9744 	 1.2821 
239.9549 	 21.3993 	 0.9898 
239.9583 	 27.2436 	 1.1966 
239.9618 	 32.8328 	 1.2628 
239.9653 	 44.2735 	 1.5171 
239.9688 	 47.2696 	 1.2457 
239.9722 	 54.4181 	 1.1422 
239.9757 	 55.3925 	 0.9386 
239.9792 	 58.9270 	 1.1588 
239.9826 	 53.2594 	 1.4676 
239.9861 	 53.9056 	 1.4592 
239.9896 	 52.1331 	 1.2287 
239.9931 	 53.8627 	 1.1588 
239.9965 	 51.4846 	 1.2969 
240.0000 	 48.8841 	 0.9871 
