Time-Day of Year 	 Electron flux 	 Proton flux 	 (Flux in the units of counts/sq cm.sec.sr) 
118.0035 	 26.2969 	 0.6826 
118.0069 	 28.7179 	 0.7265 
118.0104 	 22.8328 	 0.7167 
118.0139 	 22.1581 	 0.9615 
118.0174 	 27.3720 	 0.6655 
118.0208 	 35.4487 	 0.5769 
118.0243 	 35.4949 	 1.0751 
118.0278 	 38.3333 	 0.7265 
118.0313 	 44.2491 	 0.9556 
118.0347 	 41.8750 	 1.0991 
118.0382 	 42.2014 	 0.8532 
118.0417 	 42.3820 	 0.8798 
118.0451 	 37.2184 	 0.8874 
118.0486 	 38.0043 	 0.7725 
118.0521 	 36.7406 	 0.7338 
118.0556 	 35.9871 	 0.8584 
118.0590 	 39.6246 	 0.9044 
118.0625 	 45.9871 	 0.9227 
118.0660 	 45.5631 	 0.7509 
118.0694 	 42.1154 	 0.7906 
118.0729 	 38.2253 	 0.9044 
118.0764 	 35.7051 	 0.8547 
118.0799 	 42.3720 	 0.9556 
118.0833 	 41.0897 	 1.1325 
118.0868 	 41.4505 	 0.9727 
118.0903 	 47.7468 	 0.8369 
118.0938 	 51.4846 	 0.8874 
118.0972 	 53.8197 	 0.9442 
118.1007 	 59.7270 	 0.9215 
118.1042 	 61.6094 	 0.8798 
118.1076 	 25.5290 	 0.8020 
118.1111 	 39.3348 	 0.9657 
118.1146 	 30.9898 	 0.7679 
118.1181 	 28.8412 	 0.8369 
118.1215 	 38.4812 	 0.8020 
118.1250 	 42.8632 	 1.1325 
118.1285 	 54.3174 	 1.1263 
118.1319 	 59.7436 	 1.0043 
118.1354 	 44.6246 	 1.0239 
118.1389 	 48.0342 	 0.7692 
118.1424 	 59.5392 	 0.9215 
118.1458 	 70.0644 	 0.9657 
118.1493 	 66.2457 	 1.0239 
118.1528 	 62.1336 	 1.1853 
118.1563 	 59.5904 	 1.1263 
118.1597 	 66.9313 	 0.6223 
118.1632 	 61.7235 	 0.9556 
118.1667 	 69.2275 	 0.7296 
118.1701 	 76.0751 	 0.9556 
118.1736 	 77.8970 	 0.9013 
118.1771 	 75.2218 	 0.9215 
118.1806 	 83.4188 	 0.9615 
118.1840 	 80.1536 	 0.7167 
118.1875 	 82.5214 	 0.9829 
118.1910 	 79.2321 	 1.2628 
118.1944 	 82.3077 	 1.0043 
118.1979 	 82.1502 	 0.9727 
118.2014 	 94.7854 	 1.2876 
118.2049 	 95.4949 	 0.9898 
118.2083 	 97.5536 	 0.9657 
118.2118 	 100.0000 	 0.9044 
118.2153 	 95.1931 	 1.0515 
118.2188 	 103.3618 	 1.0922 
118.2222 	 104.5708 	 1.2876 
118.2257 	 108.3277 	 1.1945 
118.2292 	 109.4421 	 0.9871 
118.2326 	 112.6451 	 0.8532 
118.2361 	 114.5727 	 1.3462 
118.2396 	 117.2184 	 0.9556 
118.2431 	 121.1325 	 1.0256 
118.2465 	 126.3311 	 1.1604 
118.2500 	 129.7863 	 0.9188 
118.2535 	 131.5700 	 1.0580 
118.2569 	 127.5966 	 1.2017 
118.2604 	 128.3788 	 1.0580 
118.2639 	 128.6052 	 0.8584 
118.2674 	 134.8123 	 1.1604 
118.2708 	 137.9614 	 1.2661 
118.2743 	 141.3870 	 1.0788 
118.2778 	 140.9013 	 0.9442 
118.2813 	 144.2833 	 1.1945 
118.2847 	 149.8712 	 0.9442 
118.2882 	 148.0887 	 1.0580 
118.2917 	 153.2479 	 1.1111 
118.2951 	 150.9898 	 0.9044 
118.2986 	 143.9316 	 0.9829 
118.3021 	 147.1502 	 0.9215 
118.3056 	 134.7650 	 1.2179 
118.3090 	 135.9556 	 1.2287 
118.3125 	 137.7468 	 1.2017 
118.3160 	 143.2594 	 1.2287 
118.3194 	 141.7167 	 1.0730 
118.3229 	 145.0683 	 0.9556 
118.3264 	 141.1159 	 1.0515 
118.3299 	 139.4710 	 1.0580 
118.3333 	 137.7682 	 0.9657 
118.3368 	 137.2696 	 1.2628 
118.3403 	 140.1931 	 1.2876 
118.3438 	 140.2560 	 0.9727 
118.3472 	 143.0342 	 1.0043 
118.3507 	 141.3311 	 1.0751 
118.3542 	 142.0299 	 1.1111 
118.3576 	 146.4846 	 0.9898 
118.3611 	 149.5727 	 1.3034 
118.3646 	 145.9556 	 1.1092 
118.3681 	 144.1026 	 1.0684 
118.3715 	 150.1536 	 0.8362 
118.3750 	 153.9914 	 0.9013 
118.3785 	 159.1126 	 1.0580 
118.3819 	 157.0815 	 1.0300 
118.3854 	 157.1502 	 1.1604 
118.3889 	 163.7554 	 1.0515 
118.3924 	 156.7918 	 1.3311 
118.3958 	 155.9698 	 0.8190 
118.3993 	 155.1195 	 0.8532 
118.4028 	 149.5086 	 0.8974 
118.4063 	 152.2696 	 0.9898 
118.4097 	 155.0000 	 0.6624 
118.4132 	 142.3038 	 1.0580 
118.4167 	 140.5128 	 1.1538 
118.4201 	 145.8021 	 0.9898 
118.4236 	 144.3803 	 1.3889 
118.4271 	 140.4607 	 0.9386 
118.4306 	 137.8112 	 1.0515 
118.4340 	 143.0887 	 0.9386 
118.4375 	 146.2232 	 1.2232 
118.4410 	 146.0068 	 1.0751 
118.4444 	 144.2275 	 0.6867 
118.4479 	 141.1092 	 0.6997 
118.4514 	 136.1588 	 0.8798 
118.4549 	 134.5393 	 0.8532 
118.4583 	 133.9103 	 1.1538 
118.4618 	 133.2423 	 0.7509 
118.4653 	 128.5043 	 0.7265 
118.4688 	 125.7679 	 1.0239 
118.4722 	 123.1838 	 1.0684 
118.4757 	 123.4983 	 0.9898 
118.4792 	 125.1496 	 1.0043 
118.4826 	 116.0922 	 0.8532 
118.4861 	 113.0043 	 1.1373 
118.4896 	 110.3925 	 0.9727 
118.4931 	 111.7382 	 0.7082 
118.4965 	 109.1980 	 0.8532 
118.5000 	 109.0129 	 0.8155 
118.5035 	 105.2560 	 0.9898 
118.5069 	 107.1674 	 0.8798 
118.5104 	 108.3618 	 0.8703 
118.5139 	 112.6709 	 0.9615 
118.5174 	 108.2021 	 0.8390 
118.5208 	 103.2265 	 1.1966 
118.5243 	 101.7577 	 0.9898 
118.5278 	 94.6368 	 0.7051 
118.5313 	 98.3106 	 0.7850 
118.5347 	 109.7436 	 0.8974 
118.5382 	 105.4437 	 0.8020 
118.5417 	 103.3262 	 0.7296 
118.5451 	 94.3857 	 0.8874 
118.5486 	 95.8798 	 0.9657 
118.5521 	 102.1160 	 0.7850 
118.5556 	 100.9657 	 0.8155 
118.5590 	 98.5495 	 1.1604 
118.5625 	 94.2918 	 0.9013 
118.5660 	 92.8157 	 1.0410 
118.5694 	 92.2747 	 0.8155 
118.5729 	 88.4642 	 0.8191 
118.5764 	 88.7393 	 0.9188 
118.5799 	 88.6860 	 0.7850 
118.5833 	 88.5897 	 0.8761 
118.5868 	 85.2389 	 0.8532 
118.5903 	 84.6368 	 0.7906 
118.5938 	 85.3413 	 0.6655 
118.5972 	 79.4635 	 1.0300 
118.6007 	 75.5119 	 0.8362 
118.6042 	 72.5536 	 0.7296 
118.6076 	 64.7611 	 0.7850 
118.6111 	 65.4936 	 0.8798 
118.6146 	 60.8362 	 0.8532 
118.6181 	 63.2618 	 0.8369 
118.6215 	 57.7474 	 0.9556 
118.6250 	 58.2403 	 0.7082 
118.6285 	 54.9488 	 0.7167 
118.6319 	 57.1581 	 0.9829 
118.6354 	 54.0614 	 1.0580 
118.6389 	 57.9487 	 0.8974 
118.6424 	 55.7021 	 0.8390 
118.6458 	 55.4701 	 0.9188 
118.6493 	 53.5495 	 0.7850 
118.6528 	 51.3519 	 0.9227 
118.6563 	 51.0410 	 0.8362 
118.6597 	 49.0987 	 0.8798 
118.6632 	 45.7167 	 0.8191 
118.6667 	 46.3948 	 0.9442 
118.6701 	 45.2730 	 0.7509 
118.6736 	 44.7210 	 0.7940 
118.6771 	 41.7747 	 0.8532 
118.6806 	 38.9270 	 0.9657 
118.6840 	 41.3652 	 0.8362 
118.6875 	 37.5214 	 0.7692 
118.6910 	 37.4744 	 0.7850 
118.6944 	 34.9786 	 0.5342 
118.6979 	 32.1502 	 0.5973 
118.7014 	 30.8547 	 0.9188 
118.7049 	 32.2696 	 0.7679 
118.7083 	 29.5923 	 0.8155 
118.7118 	 29.4198 	 0.7679 
118.7153 	 26.3519 	 0.7082 
118.7188 	 26.6894 	 0.7850 
118.7222 	 26.6524 	 0.7725 
118.7257 	 25.2389 	 0.7167 
118.7292 	 22.2318 	 0.7940 
118.7326 	 20.4608 	 0.5631 
118.7361 	 21.3519 	 0.7940 
118.7396 	 21.6724 	 0.5802 
118.7431 	 27.8632 	 0.6410 
118.7465 	 24.0785 	 0.8191 
118.7500 	 24.2949 	 0.4701 
118.7535 	 24.9659 	 0.6655 
118.7569 	 23.9530 	 0.9615 
118.7604 	 26.9625 	 0.7509 
118.7639 	 26.1638 	 0.5172 
118.7674 	 25.6314 	 0.7338 
118.7708 	 25.0644 	 0.9442 
118.7743 	 25.9044 	 0.7509 
118.7778 	 27.1674 	 0.7511 
118.7813 	 26.0580 	 0.7679 
118.7847 	 28.9700 	 0.7725 
118.7882 	 29.7270 	 0.8020 
118.7917 	 27.4464 	 0.6867 
118.7951 	 26.1604 	 0.5802 
118.7986 	 26.1966 	 0.7479 
118.8021 	 27.7474 	 0.7167 
118.8056 	 27.8846 	 0.9829 
118.8090 	 26.9454 	 0.7679 
118.8125 	 25.7051 	 0.5128 
118.8160 	 26.3993 	 0.8020 
118.8194 	 26.7167 	 0.6867 
118.8229 	 26.8771 	 0.6314 
118.8264 	 25.1931 	 0.5365 
118.8299 	 24.6928 	 0.8020 
118.8333 	 23.7554 	 0.7725 
118.8368 	 22.8498 	 0.7679 
118.8403 	 23.9485 	 0.5579 
118.8438 	 25.1195 	 0.6826 
118.8472 	 25.0644 	 0.6867 
118.8507 	 26.1433 	 0.6485 
118.8542 	 27.1581 	 0.9188 
118.8576 	 26.5700 	 0.8020 
118.8611 	 26.9444 	 0.9188 
118.8646 	 27.0648 	 0.7167 
118.8681 	 25.5983 	 0.4915 
118.8715 	 26.6041 	 0.8874 
118.8750 	 27.0172 	 0.5365 
118.8785 	 26.4676 	 0.8532 
118.8819 	 28.4549 	 0.7296 
118.8854 	 26.8836 	 0.6849 
118.8889 	 27.0172 	 0.8798 
118.8924 	 24.7611 	 0.8703 
118.8958 	 25.7296 	 0.5150 
118.8993 	 25.1536 	 0.5290 
118.9028 	 24.2060 	 0.9227 
118.9063 	 24.1980 	 0.6655 
118.9097 	 23.1838 	 0.8120 
118.9132 	 25.2389 	 0.7509 
118.9167 	 25.4274 	 0.7692 
118.9201 	 26.6382 	 0.6485 
118.9236 	 27.3291 	 0.6197 
118.9271 	 27.6451 	 0.8362 
118.9306 	 29.7425 	 0.8798 
118.9340 	 32.5085 	 0.6143 
118.9375 	 29.2489 	 0.6438 
118.9410 	 30.8020 	 0.7850 
118.9444 	 32.4034 	 0.6652 
118.9479 	 34.4369 	 0.8191 
118.9514 	 31.8884 	 0.8798 
118.9549 	 33.1058 	 0.7509 
118.9583 	 34.7210 	 0.9442 
118.9618 	 34.7611 	 1.1092 
118.9653 	 35.4701 	 0.6410 
118.9688 	 34.6928 	 0.8874 
118.9722 	 36.1325 	 0.7692 
118.9757 	 35.7679 	 0.7679 
118.9792 	 35.2137 	 0.9402 
118.9826 	 36.8259 	 0.8532 
118.9861 	 36.7167 	 0.6867 
118.9896 	 37.7986 	 0.9727 
118.9931 	 39.1631 	 0.7940 
118.9965 	 38.1570 	 0.6485 
119.0000 	 39.8060 	 0.7543 
