Time-Day of Year 	 Electron flux 	 Proton flux 	 (Flux in the units of counts/sq cm.sec.sr) 
128.0035 	 675.9615 	 1.9444 
128.0069 	 723.7713 	 1.8942 
128.0104 	 735.0214 	 2.2650 
128.0139 	 764.8293 	 2.0307 
128.0174 	 805.2992 	 2.2650 
128.0208 	 805.2730 	 2.1672 
128.0243 	 818.4120 	 2.1674 
128.0278 	 796.3481 	 2.1160 
128.0313 	 765.0215 	 2.2532 
128.0347 	 733.4642 	 2.2014 
128.0382 	 738.1974 	 1.9099 
128.0417 	 745.5631 	 1.6724 
128.0451 	 705.6867 	 2.1030 
128.0486 	 730.6655 	 1.8259 
128.0521 	 772.7468 	 2.3176 
128.0556 	 783.8225 	 1.7065 
128.0590 	 784.0385 	 1.7735 
128.0625 	 807.7986 	 1.9625 
128.0660 	 815.6624 	 2.1795 
128.0694 	 781.2969 	 1.9283 
128.0729 	 802.4573 	 1.9658 
128.0764 	 867.3720 	 1.6212 
128.0799 	 927.7682 	 2.1674 
128.0833 	 1068.0034 	 2.2014 
128.0868 	 1089.8069 	 2.0815 
128.0903 	 1161.3993 	 2.0648 
128.0938 	 1189.8498 	 1.9099 
128.0972 	 1214.5392 	 1.8942 
128.1007 	 1184.9356 	 2.2103 
128.1042 	 1217.5939 	 10.9386 
128.1076 	 1242.8326 	 2.0601 
128.1111 	 1263.8567 	 1.7235 
128.1146 	 1282.7350 	 2.0299 
128.1181 	 1295.7679 	 2.2014 
128.1215 	 1297.9185 	 2.0601 
128.1250 	 1229.6075 	 2.1502 
128.1285 	 1277.0299 	 2.1795 
128.1319 	 1405.7509 	 1.9454 
128.1354 	 1384.7425 	 2.1245 
128.1389 	 1524.7952 	 2.1502 
128.1424 	 1510.4721 	 2.4464 
128.1458 	 1550.1195 	 1.9283 
128.1493 	 1628.9056 	 2.7897 
128.1528 	 1679.4369 	 2.6280 
128.1563 	 1723.6052 	 2.5751 
128.1597 	 1761.1433 	 2.1331 
128.1632 	 1773.8627 	 2.4464 
128.1667 	 1755.7167 	 2.3379 
128.1701 	 1861.0256 	 2.2009 
128.1736 	 1834.0614 	 2.1331 
128.1771 	 1801.4744 	 2.2222 
128.1806 	 1869.7099 	 2.3208 
128.1840 	 1945.0427 	 2.1368 
128.1875 	 1893.5154 	 2.3208 
128.1910 	 1917.7137 	 1.8803 
128.1944 	 1858.6689 	 2.3208 
128.1979 	 2074.8696 	 1.9783 
128.2014 	 2147.7133 	 2.2696 
128.2049 	 2227.4034 	 2.4678 
128.2083 	 2275.5461 	 2.1331 
128.2118 	 2522.3176 	 2.5966 
128.2153 	 2527.3549 	 2.2014 
128.2188 	 2518.9270 	 2.4893 
128.2222 	 2708.2935 	 2.0990 
128.2257 	 2824.4658 	 1.9017 
128.2292 	 2902.9522 	 2.5256 
128.2326 	 2954.8291 	 2.4359 
128.2361 	 3217.8840 	 2.6792 
128.2396 	 3195.9871 	 2.4464 
128.2431 	 3309.2466 	 2.0548 
128.2465 	 3591.7094 	 2.5641 
128.2500 	 3740.4778 	 2.5085 
128.2535 	 3711.5451 	 2.5966 
128.2569 	 3368.4130 	 2.4403 
128.2604 	 3177.4464 	 2.1674 
128.2639 	 2994.4027 	 1.9283 
128.2674 	 2876.6309 	 2.1888 
128.2708 	 2906.3823 	 2.6621 
128.2743 	 2884.0343 	 2.5966 
128.2778 	 2820.7338 	 2.1331 
128.2813 	 2659.9786 	 2.1154 
128.2847 	 2727.8328 	 2.0137 
128.2882 	 2653.4615 	 2.3504 
128.2917 	 2527.8328 	 2.4744 
128.2951 	 2391.4316 	 2.4359 
128.2986 	 1978.4300 	 2.2696 
128.3021 	 1665.5342 	 2.1581 
128.3056 	 1854.5563 	 2.1160 
128.3090 	 1637.9614 	 2.2747 
128.3125 	 1868.4130 	 1.6041 
128.3160 	 1870.9871 	 2.1245 
128.3194 	 1960.8020 	 2.3720 
128.3229 	 1894.7639 	 2.1674 
128.3264 	 1926.0410 	 1.9966 
128.3299 	 1899.3991 	 2.1459 
128.3333 	 2022.2526 	 2.0990 
128.3368 	 1964.8291 	 2.1795 
128.3403 	 1989.6075 	 2.0307 
128.3438 	 2102.9274 	 2.0085 
128.3472 	 2095.5119 	 2.3549 
128.3507 	 2345.2778 	 1.9444 
128.3542 	 2355.3925 	 2.3720 
128.3576 	 2227.1368 	 2.3291 
128.3611 	 2231.0239 	 1.8089 
128.3646 	 2339.9353 	 2.2414 
128.3681 	 2244.9317 	 1.7577 
128.3715 	 2255.1288 	 2.2318 
128.3750 	 2176.3140 	 2.2355 
128.3785 	 2159.1416 	 2.0815 
128.3819 	 2321.7747 	 2.4403 
128.3854 	 2331.8670 	 2.3820 
128.3889 	 2277.2014 	 2.0990 
128.3924 	 2187.5536 	 2.2103 
128.3958 	 2147.5597 	 2.3038 
128.3993 	 2022.4573 	 1.9658 
128.4028 	 1985.4608 	 2.1502 
128.4063 	 2038.6752 	 2.0085 
128.4097 	 2161.1945 	 2.0137 
128.4132 	 2006.6026 	 1.9231 
128.4167 	 1796.4164 	 1.7918 
128.4201 	 1747.9828 	 1.7811 
128.4236 	 1950.1877 	 2.0819 
128.4271 	 1880.0429 	 2.3391 
128.4306 	 1586.3140 	 2.5085 
128.4340 	 1629.1416 	 2.1888 
128.4375 	 1607.4744 	 1.6724 
128.4410 	 1687.6395 	 1.8455 
128.4444 	 1719.6075 	 2.1502 
128.4479 	 1810.7296 	 1.9957 
128.4514 	 1857.4915 	 2.4232 
128.4549 	 1748.8462 	 2.3077 
128.4583 	 1595.5973 	 2.1502 
128.4618 	 1622.7137 	 2.2009 
128.4653 	 1478.9420 	 1.9966 
128.4688 	 1683.4402 	 2.1154 
128.4722 	 1590.0512 	 2.2526 
128.4757 	 1610.2575 	 2.0601 
128.4792 	 1484.7611 	 1.9795 
128.4826 	 1367.8541 	 2.0815 
128.4861 	 1378.0546 	 2.0990 
128.4896 	 1348.5991 	 2.3922 
128.4931 	 1386.4505 	 1.9795 
128.4965 	 1462.3605 	 1.8884 
128.5000 	 1406.2457 	 2.0478 
128.5035 	 1454.4206 	 2.3176 
128.5069 	 1396.3993 	 2.1672 
128.5104 	 1426.0684 	 2.3504 
128.5139 	 1353.0546 	 1.8942 
128.5174 	 1287.7991 	 2.2222 
128.5208 	 1222.9352 	 1.8942 
128.5243 	 1172.7991 	 352.0513 
128.5278 	 1127.2184 	 2.1502 
128.5313 	 1108.4335 	 24.0558 
128.5347 	 1095.3925 	 2.0648 
128.5382 	 1058.6695 	 1.9313 
128.5417 	 1041.7065 	 1.9283 
128.5451 	 1020.6438 	 1.5451 
128.5486 	 1012.2696 	 1.8942 
128.5521 	 959.8498 	 1.9313 
128.5556 	 963.1911 	 2.1672 
128.5590 	 918.0901 	 2.3176 
128.5625 	 858.3959 	 1.8259 
128.5660 	 848.4402 	 1.9231 
128.5694 	 835.7338 	 2.2355 
128.5729 	 808.3974 	 2.3932 
128.5764 	 787.3550 	 1.9966 
128.5799 	 772.3718 	 1.9444 
128.5833 	 772.6792 	 1.9966 
128.5868 	 726.3305 	 1.7382 
128.5903 	 684.4027 	 1.5358 
128.5938 	 677.7682 	 2.0386 
128.5972 	 637.0990 	 2.1331 
128.6007 	 622.5751 	 1.9528 
128.6042 	 627.5597 	 2.0819 
128.6076 	 564.4850 	 1.8240 
128.6111 	 484.5392 	 2.0137 
128.6146 	 438.7124 	 1.8670 
128.6181 	 395.7877 	 1.3870 
128.6215 	 364.1026 	 1.7094 
128.6250 	 337.0136 	 1.6724 
128.6285 	 338.5470 	 1.7308 
128.6319 	 335.8703 	 1.6553 
128.6354 	 320.6197 	 1.5385 
128.6389 	 297.6109 	 1.3311 
128.6424 	 142.6395 	 1.0730 
128.6458 	 62.4403 	 0.9898 
128.6493 	 98.0472 	 1.1159 
128.6528 	 192.4232 	 1.6724 
128.6563 	 216.5451 	 1.4163 
128.6597 	 327.6621 	 2.0648 
128.6632 	 388.7339 	 2.1030 
128.6667 	 400.8191 	 2.3038 
128.6701 	 459.5923 	 2.1888 
128.6736 	 373.8225 	 1.8601 
128.6771 	 342.8205 	 2.0726 
128.6806 	 343.2082 	 2.0648 
128.6840 	 369.7009 	 2.2009 
128.6875 	 374.3345 	 2.1672 
128.6910 	 361.6667 	 1.5385 
128.6944 	 353.4300 	 1.9454 
128.6979 	 376.0300 	 1.8670 
128.7014 	 408.0205 	 2.1331 
128.7049 	 435.3863 	 1.6524 
128.7083 	 406.3652 	 2.0307 
128.7118 	 421.1588 	 1.6309 
128.7153 	 414.7099 	 1.9454 
128.7188 	 397.0386 	 1.7597 
128.7222 	 345.7850 	 1.8771 
128.7257 	 340.7940 	 1.7382 
128.7292 	 343.4642 	 2.0137 
128.7326 	 330.0427 	 2.1154 
128.7361 	 314.6246 	 2.0648 
128.7396 	 286.3462 	 2.2009 
128.7431 	 276.8836 	 1.9007 
128.7465 	 260.4914 	 1.8803 
128.7500 	 248.1399 	 1.6894 
128.7535 	 229.5708 	 2.0172 
128.7569 	 215.1195 	 1.7235 
128.7604 	 199.5494 	 2.1674 
128.7639 	 186.9113 	 1.8259 
128.7674 	 171.2017 	 1.6309 
128.7708 	 153.3447 	 1.5870 
128.7743 	 137.2532 	 1.3305 
128.7778 	 153.9590 	 1.5700 
128.7813 	 150.4487 	 1.4957 
128.7847 	 158.1570 	 1.5870 
128.7882 	 127.5855 	 1.7521 
128.7917 	 169.5393 	 1.7065 
128.7951 	 159.9786 	 1.4103 
128.7986 	 101.0239 	 1.3311 
128.8021 	 138.7821 	 1.5812 
128.8056 	 121.3481 	 1.2799 
128.8090 	 140.7511 	 1.2661 
128.8125 	 114.9317 	 1.6382 
128.8160 	 117.1888 	 1.6524 
128.8194 	 133.4812 	 1.3993 
128.8229 	 289.4850 	 2.1030 
128.8264 	 414.0956 	 1.6553 
128.8299 	 383.9270 	 2.1459 
128.8333 	 458.9079 	 2.2355 
128.8368 	 425.7692 	 1.9658 
128.8403 	 458.0887 	 1.9283 
128.8438 	 497.4145 	 1.8803 
128.8472 	 596.3652 	 2.0137 
128.8507 	 630.4914 	 1.8803 
128.8542 	 669.4710 	 2.4403 
128.8576 	 652.7564 	 2.4573 
128.8611 	 589.5393 	 2.2184 
128.8646 	 552.2532 	 2.2747 
128.8681 	 454.8801 	 1.7637 
128.8715 	 341.4592 	 1.8026 
128.8750 	 290.7850 	 1.8601 
128.8785 	 293.4764 	 1.7597 
128.8819 	 329.1809 	 2.0819 
128.8854 	 327.4893 	 2.0172 
128.8889 	 298.3447 	 2.0990 
128.8924 	 286.9658 	 1.6667 
128.8958 	 260.4608 	 1.8089 
128.8993 	 262.9701 	 1.9658 
128.9028 	 226.8942 	 2.0478 
128.9063 	 214.4231 	 1.7308 
128.9097 	 200.6143 	 1.4505 
128.9132 	 197.7778 	 1.7949 
128.9167 	 194.7270 	 1.9283 
128.9201 	 187.5751 	 1.3090 
128.9236 	 192.0990 	 1.5358 
128.9271 	 219.5494 	 1.7597 
128.9306 	 252.5939 	 1.8430 
128.9340 	 274.6567 	 1.8026 
128.9375 	 271.9625 	 1.7065 
128.9410 	 300.7081 	 1.6953 
128.9444 	 336.7577 	 2.2867 
128.9479 	 373.7821 	 2.1368 
128.9514 	 368.0034 	 2.0648 
128.9549 	 393.9957 	 1.9017 
128.9583 	 393.4130 	 2.2014 
128.9618 	 370.3846 	 2.3504 
128.9653 	 357.9352 	 1.9283 
128.9688 	 352.9060 	 1.4957 
128.9722 	 388.5495 	 1.9966 
128.9757 	 371.3734 	 1.9099 
128.9792 	 395.8874 	 1.8942 
128.9826 	 419.5064 	 1.7382 
128.9861 	 466.6553 	 1.8259 
128.9896 	 422.9185 	 2.0386 
128.9931 	 425.7877 	 1.9692 
128.9965 	 488.6695 	 1.9742 
129.0000 	 484.1638 	 1.7235 
