Time-Day of Year 	 Electron flux 	 Proton flux 	 (Flux in the units of counts/sq cm.sec.sr) 
102.0035 	 319.6996 	 1.3305 
102.0069 	 304.0785 	 1.5700 
102.0104 	 294.9145 	 1.7094 
102.0139 	 317.8328 	 1.5358 
102.0174 	 319.2308 	 1.0256 
102.0208 	 345.3584 	 1.8430 
102.0243 	 372.5214 	 1.5812 
102.0278 	 363.6473 	 1.3014 
102.0313 	 366.0560 	 1.9397 
102.0347 	 399.3174 	 1.4846 
102.0382 	 399.1416 	 1.6953 
102.0417 	 431.8771 	 1.6724 
102.0451 	 411.0730 	 1.7597 
102.0486 	 413.9932 	 1.1604 
102.0521 	 441.8026 	 1.6953 
102.0556 	 452.7474 	 1.4846 
102.0590 	 432.2532 	 1.4807 
102.0625 	 453.2935 	 1.8259 
102.0660 	 473.2692 	 1.6880 
102.0694 	 457.2526 	 1.5017 
102.0729 	 458.1838 	 1.3889 
102.0764 	 477.9522 	 1.5870 
102.0799 	 459.3376 	 1.8162 
102.0833 	 463.7543 	 1.6041 
102.0868 	 467.7350 	 1.5812 
102.0903 	 501.1092 	 1.8259 
102.0938 	 528.7983 	 1.5880 
102.0972 	 544.3003 	 1.7918 
102.1007 	 548.3262 	 1.2232 
102.1042 	 545.5631 	 1.6382 
102.1076 	 591.6524 	 1.5880 
102.1111 	 605.9556 	 1.8430 
102.1146 	 658.9270 	 1.6953 
102.1181 	 625.6655 	 1.8430 
102.1215 	 675.8974 	 2.6923 
102.1250 	 682.1160 	 1.7065 
102.1285 	 680.1709 	 1.9872 
102.1319 	 692.7133 	 1.9283 
102.1354 	 717.0086 	 1.4530 
102.1389 	 712.3208 	 1.6894 
102.1424 	 706.5812 	 1.8162 
102.1458 	 697.2696 	 1.6382 
102.1493 	 780.2802 	 1.5733 
102.1528 	 815.6314 	 1.6212 
102.1563 	 817.9399 	 1.4807 
102.1597 	 818.6007 	 1.5017 
102.1632 	 798.7768 	 1.4807 
102.1667 	 811.1945 	 1.4676 
102.1701 	 808.2618 	 1.7811 
102.1736 	 790.8191 	 1.8771 
102.1771 	 843.1545 	 1.8884 
102.1806 	 928.7031 	 1.6553 
102.1840 	 982.4786 	 1.6453 
102.1875 	 905.2218 	 1.8259 
102.1910 	 966.9231 	 1.5812 
102.1944 	 988.3959 	 1.7747 
102.1979 	 1022.6709 	 1.9872 
102.2014 	 1081.6724 	 1.9625 
102.2049 	 1145.8584 	 1.7382 
102.2083 	 1138.9590 	 1.9283 
102.2118 	 1142.4249 	 1.5880 
102.2153 	 1136.7235 	 1.6894 
102.2188 	 1170.7511 	 1.7811 
102.2222 	 1186.4846 	 1.8601 
102.2257 	 1264.5494 	 1.9742 
102.2292 	 1284.6758 	 1.7747 
102.2326 	 1253.7983 	 1.8240 
102.2361 	 1279.8294 	 1.7235 
102.2396 	 1253.5256 	 1.6239 
102.2431 	 1311.1263 	 2.2526 
102.2465 	 1280.7479 	 1.9017 
102.2500 	 1284.4539 	 1.9625 
102.2535 	 1252.2222 	 1.6453 
102.2569 	 1222.2696 	 1.7577 
102.2604 	 1225.1502 	 1.6094 
102.2639 	 1229.8635 	 1.7406 
102.2674 	 1185.2790 	 1.9313 
102.2708 	 1219.9144 	 1.8493 
102.2743 	 1310.6652 	 1.8455 
102.2778 	 1482.9522 	 1.8601 
102.2813 	 1750.3219 	 2.3176 
102.2847 	 1965.0341 	 2.2696 
102.2882 	 2093.7768 	 1.9742 
102.2917 	 2253.6007 	 1.9113 
102.2951 	 2257.4353 	 1.9181 
102.2986 	 2232.9522 	 1.9454 
102.3021 	 2271.3248 	 2.2650 
102.3056 	 2145.7509 	 1.8601 
102.3090 	 2222.3932 	 2.0940 
102.3125 	 2224.4027 	 2.2696 
102.3160 	 2039.3562 	 1.9313 
102.3194 	 1871.8430 	 1.8942 
102.3229 	 2063.9270 	 2.0815 
102.3264 	 1935.7850 	 2.0648 
102.3299 	 1971.2232 	 1.8240 
102.3333 	 1964.7270 	 2.0137 
102.3368 	 1978.6052 	 1.8670 
102.3403 	 1859.1297 	 1.8601 
102.3438 	 2038.9700 	 1.9957 
102.3472 	 2143.9420 	 2.0819 
102.3507 	 2151.8162 	 2.0085 
102.3542 	 2110.3242 	 2.0137 
102.3576 	 2156.9658 	 2.1795 
102.3611 	 2089.7952 	 2.1160 
102.3646 	 2126.2821 	 1.7735 
102.3681 	 2068.3959 	 2.0478 
102.3715 	 2006.4378 	 1.9957 
102.3750 	 1931.1604 	 2.1331 
102.3785 	 1866.4592 	 1.9957 
102.3819 	 1725.6997 	 1.7065 
102.3854 	 1681.2017 	 1.6953 
102.3889 	 1706.4164 	 2.0819 
102.3924 	 1721.5302 	 1.9397 
102.3958 	 1662.2867 	 1.7065 
102.3993 	 1649.4421 	 2.1459 
102.4028 	 1817.9863 	 1.7577 
102.4063 	 1733.1838 	 1.9444 
102.4097 	 1639.6075 	 1.9454 
102.4132 	 1741.9017 	 2.0513 
102.4167 	 1772.8157 	 2.0137 
102.4201 	 1765.7906 	 1.7094 
102.4236 	 1691.2799 	 1.6382 
102.4271 	 1598.2403 	 1.8884 
102.4306 	 1612.8669 	 1.6382 
102.4340 	 1505.9013 	 1.4378 
102.4375 	 1531.0410 	 1.8942 
102.4410 	 1765.9227 	 2.2532 
102.4444 	 1578.9761 	 1.8259 
102.4479 	 1509.2060 	 1.6953 
102.4514 	 1532.6962 	 1.6894 
102.4549 	 1466.2017 	 1.8670 
102.4583 	 1392.3891 	 1.9966 
102.4618 	 1414.2521 	 1.6453 
102.4653 	 1384.4369 	 1.6041 
102.4688 	 1381.1966 	 1.7735 
102.4722 	 1419.8464 	 1.6553 
102.4757 	 1340.1496 	 1.9872 
102.4792 	 1282.0137 	 1.5188 
102.4826 	 1280.3004 	 1.5236 
102.4861 	 1230.4096 	 1.8430 
102.4896 	 1163.5193 	 1.7811 
102.4931 	 1269.9317 	 2.2184 
102.4965 	 1230.8798 	 1.6738 
102.5000 	 1237.4573 	 1.5188 
102.5035 	 1204.9142 	 1.3948 
102.5069 	 1209.1297 	 1.5358 
102.5104 	 1086.8455 	 1.8884 
102.5139 	 1082.0205 	 1.5411 
102.5174 	 1138.4615 	 1.9231 
102.5208 	 1125.2560 	 1.8771 
102.5243 	 1129.4017 	 1.6880 
102.5278 	 1107.6109 	 1.5529 
102.5313 	 1104.8932 	 1.9658 
102.5347 	 1126.2628 	 1.7918 
102.5382 	 1239.9571 	 1.5236 
102.5417 	 1131.0068 	 1.5358 
102.5451 	 1093.7124 	 1.6094 
102.5486 	 1171.3311 	 1.8771 
102.5521 	 1164.8069 	 1.7167 
102.5556 	 1098.0375 	 1.7065 
102.5590 	 1004.0343 	 1.8240 
102.5625 	 1121.6041 	 1.6212 
102.5660 	 1048.7124 	 1.9313 
102.5694 	 1033.3959 	 1.8771 
102.5729 	 986.3248 	 2.0085 
102.5764 	 963.9420 	 1.6382 
102.5799 	 830.0427 	 1.8162 
102.5833 	 945.6826 	 1.7747 
102.5868 	 897.3932 	 1.6239 
102.5903 	 858.2764 	 1.6212 
102.5938 	 866.6239 	 1.3462 
102.5972 	 817.3891 	 1.3993 
102.6007 	 761.1588 	 1.6738 
102.6042 	 732.9522 	 1.5529 
102.6076 	 635.5365 	 1.8670 
102.6111 	 657.7645 	 1.6212 
102.6146 	 594.0773 	 1.3948 
102.6181 	 597.3208 	 1.4164 
102.6215 	 608.0043 	 1.3948 
102.6250 	 592.4573 	 1.9113 
102.6285 	 569.1880 	 1.5385 
102.6319 	 513.8396 	 1.6894 
102.6354 	 550.8584 	 1.6738 
102.6389 	 530.1195 	 1.6894 
102.6424 	 504.8504 	 1.4744 
102.6458 	 483.1058 	 1.5700 
102.6493 	 496.8803 	 1.5598 
102.6528 	 503.7372 	 1.4164 
102.6563 	 486.6309 	 1.2876 
102.6597 	 473.4471 	 1.3652 
102.6632 	 490.6223 	 1.2017 
102.6667 	 466.6894 	 1.4164 
102.6701 	 440.3863 	 1.6738 
102.6736 	 444.2321 	 1.5700 
102.6771 	 424.2919 	 1.5236 
102.6806 	 410.3584 	 1.6553 
102.6840 	 347.4786 	 1.6026 
102.6875 	 397.6451 	 1.6553 
102.6910 	 371.4316 	 1.3675 
102.6944 	 350.8191 	 1.4846 
102.6979 	 362.5214 	 1.4744 
102.7014 	 387.9010 	 1.1092 
102.7049 	 377.3504 	 1.3675 
102.7083 	 355.1536 	 1.3823 
102.7118 	 350.7511 	 1.2876 
102.7153 	 356.7918 	 1.3481 
102.7188 	 354.1631 	 1.1588 
102.7222 	 298.2594 	 1.4676 
102.7257 	 315.9442 	 1.5665 
102.7292 	 350.4608 	 1.4334 
102.7326 	 360.2790 	 1.3305 
102.7361 	 343.7031 	 1.3311 
102.7396 	 331.9872 	 1.4103 
102.7431 	 340.4608 	 1.3311 
102.7465 	 336.1111 	 1.6239 
102.7500 	 345.7679 	 1.3311 
102.7535 	 341.4957 	 1.5385 
102.7569 	 342.8253 	 1.5240 
102.7604 	 308.2906 	 1.7308 
102.7639 	 291.6894 	 1.7747 
102.7674 	 270.9442 	 1.5665 
102.7708 	 287.6963 	 1.1092 
102.7743 	 261.0730 	 1.3090 
102.7778 	 250.1195 	 1.7406 
102.7813 	 226.8240 	 1.5665 
102.7847 	 204.8123 	 1.2628 
102.7882 	 169.5708 	 1.2661 
102.7917 	 163.4642 	 1.1775 
102.7951 	 148.9957 	 1.2179 
102.7986 	 134.1638 	 1.0068 
102.8021 	 113.6325 	 1.2821 
102.8056 	 126.7747 	 1.2457 
102.8090 	 110.4701 	 1.0470 
102.8125 	 111.4505 	 1.2457 
102.8160 	 109.7009 	 1.0470 
102.8194 	 125.2901 	 1.1945 
102.8229 	 150.6867 	 1.2017 
102.8264 	 205.9215 	 1.0922 
102.8299 	 198.7768 	 1.1588 
102.8333 	 199.8123 	 1.2287 
102.8368 	 279.7425 	 1.4378 
102.8403 	 293.3106 	 1.5529 
102.8438 	 281.0515 	 1.1588 
102.8472 	 236.7406 	 1.1433 
102.8507 	 244.2949 	 1.3462 
102.8542 	 281.7065 	 1.3481 
102.8576 	 254.7436 	 1.3248 
102.8611 	 236.8771 	 1.7577 
102.8646 	 255.7692 	 1.2179 
102.8681 	 230.1706 	 1.2799 
102.8715 	 292.9273 	 1.5171 
102.8750 	 675.0512 	 1.7235 
102.8785 	 724.6121 	 0.9914 
102.8819 	 799.1638 	 1.5529 
102.8854 	 780.9227 	 1.8884 
102.8889 	 635.4437 	 1.5700 
102.8924 	 622.8326 	 1.8884 
102.8958 	 773.7201 	 1.5870 
102.8993 	 793.4335 	 1.2876 
102.9028 	 847.8840 	 1.6382 
102.9063 	 807.9487 	 1.5598 
102.9097 	 738.6007 	 1.6212 
102.9132 	 675.4487 	 1.4103 
102.9167 	 604.3686 	 1.6894 
102.9201 	 541.4530 	 1.5598 
102.9236 	 512.1331 	 1.6724 
102.9271 	 462.1154 	 1.6026 
102.9306 	 431.0068 	 1.6894 
102.9340 	 420.3004 	 1.6309 
102.9375 	 377.3720 	 1.6553 
102.9410 	 373.6051 	 1.6524 
102.9444 	 355.8703 	 1.4164 
102.9479 	 387.2747 	 1.2017 
102.9514 	 390.6485 	 1.6382 
102.9549 	 306.2876 	 1.5236 
102.9583 	 332.0136 	 1.5870 
102.9618 	 312.1581 	 1.5385 
102.9653 	 284.0785 	 1.5188 
102.9688 	 262.7350 	 1.4530 
102.9722 	 246.1263 	 1.4846 
102.9757 	 256.0684 	 1.3462 
102.9792 	 230.4266 	 1.4164 
102.9826 	 195.8974 	 1.4103 
102.9861 	 230.9727 	 1.5017 
102.9896 	 235.3648 	 1.3519 
102.9931 	 226.2969 	 1.3481 
102.9965 	 222.9614 	 1.2661 
103.0000 	 219.3493 	 1.5753 
